2301,2605d2300
< 00000461 0000001c 00054383
< 00000000 000005f8 0000001e 00000026 00000002 00010000 40008000 00000063
< 00000000 00000000 00000700 00000000 00000000 00000000 0000001a 00000000
< 00000000 00000000 00000000 00000000 00000000 00000000 00000000 00000000
< 00000000 00000000 00000000 00000000 00000000 00000000 00000000 00000000
< 00000462 00000020 00038a63
< 00000000 000005f8 0000001e 00000026 00000002 00010000 40008000 00000063
< 00000000 00000000 00000700 00000000 00000000 00000000 0000001a 00000000
< 00000000 00000000 00000000 00000000 00000000 00000000 00000000 00000000
< 00000000 00000000 00000000 00000000 00000000 00000000 00000000 00000000
< 00000463 00000024 0053e3b3
< 00000000 000005f8 0000001e 00000026 00000002 00010000 40008000 00010063
< 00000000 00000000 00000700 00000000 00000000 00000000 0000001a 00000000
< 00000000 00000000 00000000 00000000 00000000 00000000 00000000 00000000
< 00000000 00000000 00000000 00000000 00000000 00000000 00000000 00000000
< 00000464 00000028 00732023
< 00000000 000005f8 0000001e 00000026 00000002 00010000 40008000 00010063
< 00000000 00000000 00000700 00000000 00000000 00000000 0000001a 00000000
< 00000000 00000000 00000000 00000000 00000000 00000000 00000000 00000000
< 00000000 00000000 00000000 00000000 00000000 00000000 00000000 00000000
< 00000465 0000002c 00150513
< 00000000 000005f8 0000001e 00000026 00000002 00010000 40008000 00010063
< 00000000 00000000 00000701 00000000 00000000 00000000 0000001a 00000000
< 00000000 00000000 00000000 00000000 00000000 00000000 00000000 00000000
< 00000000 00000000 00000000 00000000 00000000 00000000 00000000 00000000
< 00000466 00000030 fedff06f
< 00000000 000005f8 0000001e 00000026 00000002 00010000 40008000 00010063
< 00000000 00000000 00000701 00000000 00000000 00000000 0000001a 00000000
< 00000000 00000000 00000000 00000000 00000000 00000000 00000000 00000000
< 00000000 00000000 00000000 00000000 00000000 00000000 00000000 00000000
< 00000467 0000001c 00054383
< 00000000 000005f8 0000001e 00000026 00000002 00010000 40008000 0000006f
< 00000000 00000000 00000701 00000000 00000000 00000000 0000001a 00000000
< 00000000 00000000 00000000 00000000 00000000 00000000 00000000 00000000
< 00000000 00000000 00000000 00000000 00000000 00000000 00000000 00000000
< 00000468 00000020 00038a63
< 00000000 000005f8 0000001e 00000026 00000002 00010000 40008000 0000006f
< 00000000 00000000 00000701 00000000 00000000 00000000 0000001a 00000000
< 00000000 00000000 00000000 00000000 00000000 00000000 00000000 00000000
< 00000000 00000000 00000000 00000000 00000000 00000000 00000000 00000000
< 00000469 00000024 0053e3b3
< 00000000 000005f8 0000001e 00000026 00000002 00010000 40008000 0001006f
< 00000000 00000000 00000701 00000000 00000000 00000000 0000001a 00000000
< 00000000 00000000 00000000 00000000 00000000 00000000 00000000 00000000
< 00000000 00000000 00000000 00000000 00000000 00000000 00000000 00000000
< 00000470 00000028 00732023
< 00000000 000005f8 0000001e 00000026 00000002 00010000 40008000 0001006f
< 00000000 00000000 00000701 00000000 00000000 00000000 0000001a 00000000
< 00000000 00000000 00000000 00000000 00000000 00000000 00000000 00000000
< 00000000 00000000 00000000 00000000 00000000 00000000 00000000 00000000
< 00000471 0000002c 00150513
< 00000000 000005f8 0000001e 00000026 00000002 00010000 40008000 0001006f
< 00000000 00000000 00000702 00000000 00000000 00000000 0000001a 00000000
< 00000000 00000000 00000000 00000000 00000000 00000000 00000000 00000000
< 00000000 00000000 00000000 00000000 00000000 00000000 00000000 00000000
< 00000472 00000030 fedff06f
< 00000000 000005f8 0000001e 00000026 00000002 00010000 40008000 0001006f
< 00000000 00000000 00000702 00000000 00000000 00000000 0000001a 00000000
< 00000000 00000000 00000000 00000000 00000000 00000000 00000000 00000000
< 00000000 00000000 00000000 00000000 00000000 00000000 00000000 00000000
< 00000473 0000001c 00054383
< 00000000 000005f8 0000001e 00000026 00000002 00010000 40008000 00000072
< 00000000 00000000 00000702 00000000 00000000 00000000 0000001a 00000000
< 00000000 00000000 00000000 00000000 00000000 00000000 00000000 00000000
< 00000000 00000000 00000000 00000000 00000000 00000000 00000000 00000000
< 00000474 00000020 00038a63
< 00000000 000005f8 0000001e 00000026 00000002 00010000 40008000 00000072
< 00000000 00000000 00000702 00000000 00000000 00000000 0000001a 00000000
< 00000000 00000000 00000000 00000000 00000000 00000000 00000000 00000000
< 00000000 00000000 00000000 00000000 00000000 00000000 00000000 00000000
< 00000475 00000024 0053e3b3
< 00000000 000005f8 0000001e 00000026 00000002 00010000 40008000 00010072
< 00000000 00000000 00000702 00000000 00000000 00000000 0000001a 00000000
< 00000000 00000000 00000000 00000000 00000000 00000000 00000000 00000000
< 00000000 00000000 00000000 00000000 00000000 00000000 00000000 00000000
< 00000476 00000028 00732023
< 00000000 000005f8 0000001e 00000026 00000002 00010000 40008000 00010072
< 00000000 00000000 00000702 00000000 00000000 00000000 0000001a 00000000
< 00000000 00000000 00000000 00000000 00000000 00000000 00000000 00000000
< 00000000 00000000 00000000 00000000 00000000 00000000 00000000 00000000
< 00000477 0000002c 00150513
< 00000000 000005f8 0000001e 00000026 00000002 00010000 40008000 00010072
< 00000000 00000000 00000703 00000000 00000000 00000000 0000001a 00000000
< 00000000 00000000 00000000 00000000 00000000 00000000 00000000 00000000
< 00000000 00000000 00000000 00000000 00000000 00000000 00000000 00000000
< 00000478 00000030 fedff06f
< 00000000 000005f8 0000001e 00000026 00000002 00010000 40008000 00010072
< 00000000 00000000 00000703 00000000 00000000 00000000 0000001a 00000000
< 00000000 00000000 00000000 00000000 00000000 00000000 00000000 00000000
< 00000000 00000000 00000000 00000000 00000000 00000000 00000000 00000000
< 00000479 0000001c 00054383
< 00000000 000005f8 0000001e 00000026 00000002 00010000 40008000 00000072
< 00000000 00000000 00000703 00000000 00000000 00000000 0000001a 00000000
< 00000000 00000000 00000000 00000000 00000000 00000000 00000000 00000000
< 00000000 00000000 00000000 00000000 00000000 00000000 00000000 00000000
< 00000480 00000020 00038a63
< 00000000 000005f8 0000001e 00000026 00000002 00010000 40008000 00000072
< 00000000 00000000 00000703 00000000 00000000 00000000 0000001a 00000000
< 00000000 00000000 00000000 00000000 00000000 00000000 00000000 00000000
< 00000000 00000000 00000000 00000000 00000000 00000000 00000000 00000000
< 00000481 00000024 0053e3b3
< 00000000 000005f8 0000001e 00000026 00000002 00010000 40008000 00010072
< 00000000 00000000 00000703 00000000 00000000 00000000 0000001a 00000000
< 00000000 00000000 00000000 00000000 00000000 00000000 00000000 00000000
< 00000000 00000000 00000000 00000000 00000000 00000000 00000000 00000000
< 00000482 00000028 00732023
< 00000000 000005f8 0000001e 00000026 00000002 00010000 40008000 00010072
< 00000000 00000000 00000703 00000000 00000000 00000000 0000001a 00000000
< 00000000 00000000 00000000 00000000 00000000 00000000 00000000 00000000
< 00000000 00000000 00000000 00000000 00000000 00000000 00000000 00000000
< 00000483 0000002c 00150513
< 00000000 000005f8 0000001e 00000026 00000002 00010000 40008000 00010072
< 00000000 00000000 00000704 00000000 00000000 00000000 0000001a 00000000
< 00000000 00000000 00000000 00000000 00000000 00000000 00000000 00000000
< 00000000 00000000 00000000 00000000 00000000 00000000 00000000 00000000
< 00000484 00000030 fedff06f
< 00000000 000005f8 0000001e 00000026 00000002 00010000 40008000 00010072
< 00000000 00000000 00000704 00000000 00000000 00000000 0000001a 00000000
< 00000000 00000000 00000000 00000000 00000000 00000000 00000000 00000000
< 00000000 00000000 00000000 00000000 00000000 00000000 00000000 00000000
< 00000485 0000001c 00054383
< 00000000 000005f8 0000001e 00000026 00000002 00010000 40008000 00000065
< 00000000 00000000 00000704 00000000 00000000 00000000 0000001a 00000000
< 00000000 00000000 00000000 00000000 00000000 00000000 00000000 00000000
< 00000000 00000000 00000000 00000000 00000000 00000000 00000000 00000000
< 00000486 00000020 00038a63
< 00000000 000005f8 0000001e 00000026 00000002 00010000 40008000 00000065
< 00000000 00000000 00000704 00000000 00000000 00000000 0000001a 00000000
< 00000000 00000000 00000000 00000000 00000000 00000000 00000000 00000000
< 00000000 00000000 00000000 00000000 00000000 00000000 00000000 00000000
< 00000487 00000024 0053e3b3
< 00000000 000005f8 0000001e 00000026 00000002 00010000 40008000 00010065
< 00000000 00000000 00000704 00000000 00000000 00000000 0000001a 00000000
< 00000000 00000000 00000000 00000000 00000000 00000000 00000000 00000000
< 00000000 00000000 00000000 00000000 00000000 00000000 00000000 00000000
< 00000488 00000028 00732023
< 00000000 000005f8 0000001e 00000026 00000002 00010000 40008000 00010065
< 00000000 00000000 00000704 00000000 00000000 00000000 0000001a 00000000
< 00000000 00000000 00000000 00000000 00000000 00000000 00000000 00000000
< 00000000 00000000 00000000 00000000 00000000 00000000 00000000 00000000
< 00000489 0000002c 00150513
< 00000000 000005f8 0000001e 00000026 00000002 00010000 40008000 00010065
< 00000000 00000000 00000705 00000000 00000000 00000000 0000001a 00000000
< 00000000 00000000 00000000 00000000 00000000 00000000 00000000 00000000
< 00000000 00000000 00000000 00000000 00000000 00000000 00000000 00000000
< 00000490 00000030 fedff06f
< 00000000 000005f8 0000001e 00000026 00000002 00010000 40008000 00010065
< 00000000 00000000 00000705 00000000 00000000 00000000 0000001a 00000000
< 00000000 00000000 00000000 00000000 00000000 00000000 00000000 00000000
< 00000000 00000000 00000000 00000000 00000000 00000000 00000000 00000000
< 00000491 0000001c 00054383
< 00000000 000005f8 0000001e 00000026 00000002 00010000 40008000 00000063
< 00000000 00000000 00000705 00000000 00000000 00000000 0000001a 00000000
< 00000000 00000000 00000000 00000000 00000000 00000000 00000000 00000000
< 00000000 00000000 00000000 00000000 00000000 00000000 00000000 00000000
< 00000492 00000020 00038a63
< 00000000 000005f8 0000001e 00000026 00000002 00010000 40008000 00000063
< 00000000 00000000 00000705 00000000 00000000 00000000 0000001a 00000000
< 00000000 00000000 00000000 00000000 00000000 00000000 00000000 00000000
< 00000000 00000000 00000000 00000000 00000000 00000000 00000000 00000000
< 00000493 00000024 0053e3b3
< 00000000 000005f8 0000001e 00000026 00000002 00010000 40008000 00010063
< 00000000 00000000 00000705 00000000 00000000 00000000 0000001a 00000000
< 00000000 00000000 00000000 00000000 00000000 00000000 00000000 00000000
< 00000000 00000000 00000000 00000000 00000000 00000000 00000000 00000000
< 00000494 00000028 00732023
< 00000000 000005f8 0000001e 00000026 00000002 00010000 40008000 00010063
< 00000000 00000000 00000705 00000000 00000000 00000000 0000001a 00000000
< 00000000 00000000 00000000 00000000 00000000 00000000 00000000 00000000
< 00000000 00000000 00000000 00000000 00000000 00000000 00000000 00000000
< 00000495 0000002c 00150513
< 00000000 000005f8 0000001e 00000026 00000002 00010000 40008000 00010063
< 00000000 00000000 00000706 00000000 00000000 00000000 0000001a 00000000
< 00000000 00000000 00000000 00000000 00000000 00000000 00000000 00000000
< 00000000 00000000 00000000 00000000 00000000 00000000 00000000 00000000
< 00000496 00000030 fedff06f
< 00000000 000005f8 0000001e 00000026 00000002 00010000 40008000 00010063
< 00000000 00000000 00000706 00000000 00000000 00000000 0000001a 00000000
< 00000000 00000000 00000000 00000000 00000000 00000000 00000000 00000000
< 00000000 00000000 00000000 00000000 00000000 00000000 00000000 00000000
< 00000497 0000001c 00054383
< 00000000 000005f8 0000001e 00000026 00000002 00010000 40008000 00000074
< 00000000 00000000 00000706 00000000 00000000 00000000 0000001a 00000000
< 00000000 00000000 00000000 00000000 00000000 00000000 00000000 00000000
< 00000000 00000000 00000000 00000000 00000000 00000000 00000000 00000000
< 00000498 00000020 00038a63
< 00000000 000005f8 0000001e 00000026 00000002 00010000 40008000 00000074
< 00000000 00000000 00000706 00000000 00000000 00000000 0000001a 00000000
< 00000000 00000000 00000000 00000000 00000000 00000000 00000000 00000000
< 00000000 00000000 00000000 00000000 00000000 00000000 00000000 00000000
< 00000499 00000024 0053e3b3
< 00000000 000005f8 0000001e 00000026 00000002 00010000 40008000 00010074
< 00000000 00000000 00000706 00000000 00000000 00000000 0000001a 00000000
< 00000000 00000000 00000000 00000000 00000000 00000000 00000000 00000000
< 00000000 00000000 00000000 00000000 00000000 00000000 00000000 00000000
< 00000500 00000028 00732023
< 00000000 000005f8 0000001e 00000026 00000002 00010000 40008000 00010074
< 00000000 00000000 00000706 00000000 00000000 00000000 0000001a 00000000
< 00000000 00000000 00000000 00000000 00000000 00000000 00000000 00000000
< 00000000 00000000 00000000 00000000 00000000 00000000 00000000 00000000
< 00000501 0000002c 00150513
< 00000000 000005f8 0000001e 00000026 00000002 00010000 40008000 00010074
< 00000000 00000000 00000707 00000000 00000000 00000000 0000001a 00000000
< 00000000 00000000 00000000 00000000 00000000 00000000 00000000 00000000
< 00000000 00000000 00000000 00000000 00000000 00000000 00000000 00000000
< 00000502 00000030 fedff06f
< 00000000 000005f8 0000001e 00000026 00000002 00010000 40008000 00010074
< 00000000 00000000 00000707 00000000 00000000 00000000 0000001a 00000000
< 00000000 00000000 00000000 00000000 00000000 00000000 00000000 00000000
< 00000000 00000000 00000000 00000000 00000000 00000000 00000000 00000000
< 00000503 0000001c 00054383
< 00000000 000005f8 0000001e 00000026 00000002 00010000 40008000 00000021
< 00000000 00000000 00000707 00000000 00000000 00000000 0000001a 00000000
< 00000000 00000000 00000000 00000000 00000000 00000000 00000000 00000000
< 00000000 00000000 00000000 00000000 00000000 00000000 00000000 00000000
< 00000504 00000020 00038a63
< 00000000 000005f8 0000001e 00000026 00000002 00010000 40008000 00000021
< 00000000 00000000 00000707 00000000 00000000 00000000 0000001a 00000000
< 00000000 00000000 00000000 00000000 00000000 00000000 00000000 00000000
< 00000000 00000000 00000000 00000000 00000000 00000000 00000000 00000000
< 00000505 00000024 0053e3b3
< 00000000 000005f8 0000001e 00000026 00000002 00010000 40008000 00010021
< 00000000 00000000 00000707 00000000 00000000 00000000 0000001a 00000000
< 00000000 00000000 00000000 00000000 00000000 00000000 00000000 00000000
< 00000000 00000000 00000000 00000000 00000000 00000000 00000000 00000000
< 00000506 00000028 00732023
< 00000000 000005f8 0000001e 00000026 00000002 00010000 40008000 00010021
< 00000000 00000000 00000707 00000000 00000000 00000000 0000001a 00000000
< 00000000 00000000 00000000 00000000 00000000 00000000 00000000 00000000
< 00000000 00000000 00000000 00000000 00000000 00000000 00000000 00000000
< 00000507 0000002c 00150513
< 00000000 000005f8 0000001e 00000026 00000002 00010000 40008000 00010021
< 00000000 00000000 00000708 00000000 00000000 00000000 0000001a 00000000
< 00000000 00000000 00000000 00000000 00000000 00000000 00000000 00000000
< 00000000 00000000 00000000 00000000 00000000 00000000 00000000 00000000
< 00000508 00000030 fedff06f
< 00000000 000005f8 0000001e 00000026 00000002 00010000 40008000 00010021
< 00000000 00000000 00000708 00000000 00000000 00000000 0000001a 00000000
< 00000000 00000000 00000000 00000000 00000000 00000000 00000000 00000000
< 00000000 00000000 00000000 00000000 00000000 00000000 00000000 00000000
< 00000509 0000001c 00054383
< 00000000 000005f8 0000001e 00000026 00000002 00010000 40008000 0000000a
< 00000000 00000000 00000708 00000000 00000000 00000000 0000001a 00000000
< 00000000 00000000 00000000 00000000 00000000 00000000 00000000 00000000
< 00000000 00000000 00000000 00000000 00000000 00000000 00000000 00000000
< 00000510 00000020 00038a63
< 00000000 000005f8 0000001e 00000026 00000002 00010000 40008000 0000000a
< 00000000 00000000 00000708 00000000 00000000 00000000 0000001a 00000000
< 00000000 00000000 00000000 00000000 00000000 00000000 00000000 00000000
< 00000000 00000000 00000000 00000000 00000000 00000000 00000000 00000000
< 00000511 00000024 0053e3b3
< 00000000 000005f8 0000001e 00000026 00000002 00010000 40008000 0001000a
< 00000000 00000000 00000708 00000000 00000000 00000000 0000001a 00000000
< 00000000 00000000 00000000 00000000 00000000 00000000 00000000 00000000
< 00000000 00000000 00000000 00000000 00000000 00000000 00000000 00000000
< 00000512 00000028 00732023
< 00000000 000005f8 0000001e 00000026 00000002 00010000 40008000 0001000a
< 00000000 00000000 00000708 00000000 00000000 00000000 0000001a 00000000
< 00000000 00000000 00000000 00000000 00000000 00000000 00000000 00000000
< 00000000 00000000 00000000 00000000 00000000 00000000 00000000 00000000
< 00000513 0000002c 00150513
< 00000000 000005f8 0000001e 00000026 00000002 00010000 40008000 0001000a
< 00000000 00000000 00000709 00000000 00000000 00000000 0000001a 00000000
< 00000000 00000000 00000000 00000000 00000000 00000000 00000000 00000000
< 00000000 00000000 00000000 00000000 00000000 00000000 00000000 00000000
< 00000514 00000030 fedff06f
< 00000000 000005f8 0000001e 00000026 00000002 00010000 40008000 0001000a
< 00000000 00000000 00000709 00000000 00000000 00000000 0000001a 00000000
< 00000000 00000000 00000000 00000000 00000000 00000000 00000000 00000000
< 00000000 00000000 00000000 00000000 00000000 00000000 00000000 00000000
< 00000515 0000001c 00054383
< 00000000 000005f8 0000001e 00000026 00000002 00010000 40008000 00000000
< 00000000 00000000 00000709 00000000 00000000 00000000 0000001a 00000000
< 00000000 00000000 00000000 00000000 00000000 00000000 00000000 00000000
< 00000000 00000000 00000000 00000000 00000000 00000000 00000000 00000000
< 00000516 00000020 00038a63
< 00000000 000005f8 0000001e 00000026 00000002 00010000 40008000 00000000
< 00000000 00000000 00000709 00000000 00000000 00000000 0000001a 00000000
< 00000000 00000000 00000000 00000000 00000000 00000000 00000000 00000000
< 00000000 00000000 00000000 00000000 00000000 00000000 00000000 00000000
< 00000517 00000034 00008067
< 00000000 000005f8 0000001e 00000026 00000002 00010000 40008000 00000000
< 00000000 00000000 00000709 00000000 00000000 00000000 0000001a 00000000
< 00000000 00000000 00000000 00000000 00000000 00000000 00000000 00000000
< 00000000 00000000 00000000 00000000 00000000 00000000 00000000 00000000
< 00000518 000005f8 a0dff06f
< 00000000 000005f8 0000001e 00000026 00000002 00010000 40008000 00000000
< 00000000 00000000 00000709 00000000 00000000 00000000 0000001a 00000000
< 00000000 00000000 00000000 00000000 00000000 00000000 00000000 00000000
< 00000000 00000000 00000000 00000000 00000000 00000000 00000000 00000000
< 00000519 00000004 40008337
< 00000000 000005f8 0000001e 00000026 00000002 00010000 40008000 00000000
< 00000000 00000000 00000709 00000000 00000000 00000000 0000001a 00000000
< 00000000 00000000 00000000 00000000 00000000 00000000 00000000 00000000
< 00000000 00000000 00000000 00000000 00000000 00000000 00000000 00000000
< 00000520 00000008 000202b7
< 00000000 000005f8 0000001e 00000026 00000002 00020000 40008000 00000000
< 00000000 00000000 00000709 00000000 00000000 00000000 0000001a 00000000
< 00000000 00000000 00000000 00000000 00000000 00000000 00000000 00000000
< 00000000 00000000 00000000 00000000 00000000 00000000 00000000 00000000
< 00000521 0000000c 00532023
< 00000000 000005f8 0000001e 00000026 00000002 00020000 40008000 00000000
< 00000000 00000000 00000709 00000000 00000000 00000000 0000001a 00000000
< 00000000 00000000 00000000 00000000 00000000 00000000 00000000 00000000
< 00000000 00000000 00000000 00000000 00000000 00000000 00000000 00000000
