00000001 00000000 0780006f
00000000 00000000 00000000 00000000 00000000 00000000 00000000 00000000
00000000 00000000 00000000 00000000 00000000 00000000 00000000 00000000
00000000 00000000 00000000 00000000 00000000 00000000 00000000 00000000
00000000 00000000 00000000 00000000 00000000 00000000 00000000 00000000
00000002 00000078 00000093
00000000 00000000 00000000 00000000 00000000 00000000 00000000 00000000
00000000 00000000 00000000 00000000 00000000 00000000 00000000 00000000
00000000 00000000 00000000 00000000 00000000 00000000 00000000 00000000
00000000 00000000 00000000 00000000 00000000 00000000 00000000 00000000
00000003 0000007c 00000113
00000000 00000000 00000000 00000000 00000000 00000000 00000000 00000000
00000000 00000000 00000000 00000000 00000000 00000000 00000000 00000000
00000000 00000000 00000000 00000000 00000000 00000000 00000000 00000000
00000000 00000000 00000000 00000000 00000000 00000000 00000000 00000000
00000004 00000080 00000193
00000000 00000000 00000000 00000000 00000000 00000000 00000000 00000000
00000000 00000000 00000000 00000000 00000000 00000000 00000000 00000000
00000000 00000000 00000000 00000000 00000000 00000000 00000000 00000000
00000000 00000000 00000000 00000000 00000000 00000000 00000000 00000000
00000005 00000084 00000213
00000000 00000000 00000000 00000000 00000000 00000000 00000000 00000000
00000000 00000000 00000000 00000000 00000000 00000000 00000000 00000000
00000000 00000000 00000000 00000000 00000000 00000000 00000000 00000000
00000000 00000000 00000000 00000000 00000000 00000000 00000000 00000000
00000006 00000088 00000293
00000000 00000000 00000000 00000000 00000000 00000000 00000000 00000000
00000000 00000000 00000000 00000000 00000000 00000000 00000000 00000000
00000000 00000000 00000000 00000000 00000000 00000000 00000000 00000000
00000000 00000000 00000000 00000000 00000000 00000000 00000000 00000000
00000007 0000008c 00000313
00000000 00000000 00000000 00000000 00000000 00000000 00000000 00000000
00000000 00000000 00000000 00000000 00000000 00000000 00000000 00000000
00000000 00000000 00000000 00000000 00000000 00000000 00000000 00000000
00000000 00000000 00000000 00000000 00000000 00000000 00000000 00000000
00000008 00000090 00000393
00000000 00000000 00000000 00000000 00000000 00000000 00000000 00000000
00000000 00000000 00000000 00000000 00000000 00000000 00000000 00000000
00000000 00000000 00000000 00000000 00000000 00000000 00000000 00000000
00000000 00000000 00000000 00000000 00000000 00000000 00000000 00000000
00000009 00000094 00000413
00000000 00000000 00000000 00000000 00000000 00000000 00000000 00000000
00000000 00000000 00000000 00000000 00000000 00000000 00000000 00000000
00000000 00000000 00000000 00000000 00000000 00000000 00000000 00000000
00000000 00000000 00000000 00000000 00000000 00000000 00000000 00000000
00000010 00000098 00000493
00000000 00000000 00000000 00000000 00000000 00000000 00000000 00000000
00000000 00000000 00000000 00000000 00000000 00000000 00000000 00000000
00000000 00000000 00000000 00000000 00000000 00000000 00000000 00000000
00000000 00000000 00000000 00000000 00000000 00000000 00000000 00000000
00000011 0000009c 00000513
00000000 00000000 00000000 00000000 00000000 00000000 00000000 00000000
00000000 00000000 00000000 00000000 00000000 00000000 00000000 00000000
00000000 00000000 00000000 00000000 00000000 00000000 00000000 00000000
00000000 00000000 00000000 00000000 00000000 00000000 00000000 00000000
00000012 000000a0 00000593
00000000 00000000 00000000 00000000 00000000 00000000 00000000 00000000
00000000 00000000 00000000 00000000 00000000 00000000 00000000 00000000
00000000 00000000 00000000 00000000 00000000 00000000 00000000 00000000
00000000 00000000 00000000 00000000 00000000 00000000 00000000 00000000
00000013 000000a4 00000613
00000000 00000000 00000000 00000000 00000000 00000000 00000000 00000000
00000000 00000000 00000000 00000000 00000000 00000000 00000000 00000000
00000000 00000000 00000000 00000000 00000000 00000000 00000000 00000000
00000000 00000000 00000000 00000000 00000000 00000000 00000000 00000000
00000014 000000a8 00000693
00000000 00000000 00000000 00000000 00000000 00000000 00000000 00000000
00000000 00000000 00000000 00000000 00000000 00000000 00000000 00000000
00000000 00000000 00000000 00000000 00000000 00000000 00000000 00000000
00000000 00000000 00000000 00000000 00000000 00000000 00000000 00000000
00000015 000000ac 00000713
00000000 00000000 00000000 00000000 00000000 00000000 00000000 00000000
00000000 00000000 00000000 00000000 00000000 00000000 00000000 00000000
00000000 00000000 00000000 00000000 00000000 00000000 00000000 00000000
00000000 00000000 00000000 00000000 00000000 00000000 00000000 00000000
00000016 000000b0 00000793
00000000 00000000 00000000 00000000 00000000 00000000 00000000 00000000
00000000 00000000 00000000 00000000 00000000 00000000 00000000 00000000
00000000 00000000 00000000 00000000 00000000 00000000 00000000 00000000
00000000 00000000 00000000 00000000 00000000 00000000 00000000 00000000
00000017 000000b4 00000813
00000000 00000000 00000000 00000000 00000000 00000000 00000000 00000000
00000000 00000000 00000000 00000000 00000000 00000000 00000000 00000000
00000000 00000000 00000000 00000000 00000000 00000000 00000000 00000000
00000000 00000000 00000000 00000000 00000000 00000000 00000000 00000000
00000018 000000b8 00000893
00000000 00000000 00000000 00000000 00000000 00000000 00000000 00000000
00000000 00000000 00000000 00000000 00000000 00000000 00000000 00000000
00000000 00000000 00000000 00000000 00000000 00000000 00000000 00000000
00000000 00000000 00000000 00000000 00000000 00000000 00000000 00000000
00000019 000000bc 00000913
00000000 00000000 00000000 00000000 00000000 00000000 00000000 00000000
00000000 00000000 00000000 00000000 00000000 00000000 00000000 00000000
00000000 00000000 00000000 00000000 00000000 00000000 00000000 00000000
00000000 00000000 00000000 00000000 00000000 00000000 00000000 00000000
00000020 000000c0 00000993
00000000 00000000 00000000 00000000 00000000 00000000 00000000 00000000
00000000 00000000 00000000 00000000 00000000 00000000 00000000 00000000
00000000 00000000 00000000 00000000 00000000 00000000 00000000 00000000
00000000 00000000 00000000 00000000 00000000 00000000 00000000 00000000
00000021 000000c4 00000a13
00000000 00000000 00000000 00000000 00000000 00000000 00000000 00000000
00000000 00000000 00000000 00000000 00000000 00000000 00000000 00000000
00000000 00000000 00000000 00000000 00000000 00000000 00000000 00000000
00000000 00000000 00000000 00000000 00000000 00000000 00000000 00000000
00000022 000000c8 00000a93
00000000 00000000 00000000 00000000 00000000 00000000 00000000 00000000
00000000 00000000 00000000 00000000 00000000 00000000 00000000 00000000
00000000 00000000 00000000 00000000 00000000 00000000 00000000 00000000
00000000 00000000 00000000 00000000 00000000 00000000 00000000 00000000
00000023 000000cc 00000b13
00000000 00000000 00000000 00000000 00000000 00000000 00000000 00000000
00000000 00000000 00000000 00000000 00000000 00000000 00000000 00000000
00000000 00000000 00000000 00000000 00000000 00000000 00000000 00000000
00000000 00000000 00000000 00000000 00000000 00000000 00000000 00000000
00000024 000000d0 00000b93
00000000 00000000 00000000 00000000 00000000 00000000 00000000 00000000
00000000 00000000 00000000 00000000 00000000 00000000 00000000 00000000
00000000 00000000 00000000 00000000 00000000 00000000 00000000 00000000
00000000 00000000 00000000 00000000 00000000 00000000 00000000 00000000
00000025 000000d4 00000c13
00000000 00000000 00000000 00000000 00000000 00000000 00000000 00000000
00000000 00000000 00000000 00000000 00000000 00000000 00000000 00000000
00000000 00000000 00000000 00000000 00000000 00000000 00000000 00000000
00000000 00000000 00000000 00000000 00000000 00000000 00000000 00000000
00000026 000000d8 00000c93
00000000 00000000 00000000 00000000 00000000 00000000 00000000 00000000
00000000 00000000 00000000 00000000 00000000 00000000 00000000 00000000
00000000 00000000 00000000 00000000 00000000 00000000 00000000 00000000
00000000 00000000 00000000 00000000 00000000 00000000 00000000 00000000
00000027 000000dc 00000d13
00000000 00000000 00000000 00000000 00000000 00000000 00000000 00000000
00000000 00000000 00000000 00000000 00000000 00000000 00000000 00000000
00000000 00000000 00000000 00000000 00000000 00000000 00000000 00000000
00000000 00000000 00000000 00000000 00000000 00000000 00000000 00000000
00000028 000000e0 00000d93
00000000 00000000 00000000 00000000 00000000 00000000 00000000 00000000
00000000 00000000 00000000 00000000 00000000 00000000 00000000 00000000
00000000 00000000 00000000 00000000 00000000 00000000 00000000 00000000
00000000 00000000 00000000 00000000 00000000 00000000 00000000 00000000
00000029 000000e4 00000e13
00000000 00000000 00000000 00000000 00000000 00000000 00000000 00000000
00000000 00000000 00000000 00000000 00000000 00000000 00000000 00000000
00000000 00000000 00000000 00000000 00000000 00000000 00000000 00000000
00000000 00000000 00000000 00000000 00000000 00000000 00000000 00000000
00000030 000000e8 00000e93
00000000 00000000 00000000 00000000 00000000 00000000 00000000 00000000
00000000 00000000 00000000 00000000 00000000 00000000 00000000 00000000
00000000 00000000 00000000 00000000 00000000 00000000 00000000 00000000
00000000 00000000 00000000 00000000 00000000 00000000 00000000 00000000
00000031 000000ec 00000f13
00000000 00000000 00000000 00000000 00000000 00000000 00000000 00000000
00000000 00000000 00000000 00000000 00000000 00000000 00000000 00000000
00000000 00000000 00000000 00000000 00000000 00000000 00000000 00000000
00000000 00000000 00000000 00000000 00000000 00000000 00000000 00000000
00000032 000000f0 00000f93
00000000 00000000 00000000 00000000 00000000 00000000 00000000 00000000
00000000 00000000 00000000 00000000 00000000 00000000 00000000 00000000
00000000 00000000 00000000 00000000 00000000 00000000 00000000 00000000
00000000 00000000 00000000 00000000 00000000 00000000 00000000 00000000
00000033 000000f4 00200193
00000000 00000000 00000000 00000002 00000000 00000000 00000000 00000000
00000000 00000000 00000000 00000000 00000000 00000000 00000000 00000000
00000000 00000000 00000000 00000000 00000000 00000000 00000000 00000000
00000000 00000000 00000000 00000000 00000000 00000000 00000000 00000000
00000034 000000f8 ff0100b7
00000000 ff010000 00000000 00000002 00000000 00000000 00000000 00000000
00000000 00000000 00000000 00000000 00000000 00000000 00000000 00000000
00000000 00000000 00000000 00000000 00000000 00000000 00000000 00000000
00000000 00000000 00000000 00000000 00000000 00000000 00000000 00000000
00000035 000000fc f0008093
00000000 ff00ff00 00000000 00000002 00000000 00000000 00000000 00000000
00000000 00000000 00000000 00000000 00000000 00000000 00000000 00000000
00000000 00000000 00000000 00000000 00000000 00000000 00000000 00000000
00000000 00000000 00000000 00000000 00000000 00000000 00000000 00000000
00000036 00000100 f0f0f713
00000000 ff00ff00 00000000 00000002 00000000 00000000 00000000 00000000
00000000 00000000 00000000 00000000 00000000 00000000 ff00ff00 00000000
00000000 00000000 00000000 00000000 00000000 00000000 00000000 00000000
00000000 00000000 00000000 00000000 00000000 00000000 00000000 00000000
00000037 00000104 ff0103b7
00000000 ff00ff00 00000000 00000002 00000000 00000000 00000000 ff010000
00000000 00000000 00000000 00000000 00000000 00000000 ff00ff00 00000000
00000000 00000000 00000000 00000000 00000000 00000000 00000000 00000000
00000000 00000000 00000000 00000000 00000000 00000000 00000000 00000000
00000038 00000108 f0038393
00000000 ff00ff00 00000000 00000002 00000000 00000000 00000000 ff00ff00
00000000 00000000 00000000 00000000 00000000 00000000 ff00ff00 00000000
00000000 00000000 00000000 00000000 00000000 00000000 00000000 00000000
00000000 00000000 00000000 00000000 00000000 00000000 00000000 00000000
00000039 0000010c 1a771463
00000000 ff00ff00 00000000 00000002 00000000 00000000 00000000 ff00ff00
00000000 00000000 00000000 00000000 00000000 00000000 ff00ff00 00000000
00000000 00000000 00000000 00000000 00000000 00000000 00000000 00000000
00000000 00000000 00000000 00000000 00000000 00000000 00000000 00000000
00000040 00000110 00300193
00000000 ff00ff00 00000000 00000003 00000000 00000000 00000000 ff00ff00
00000000 00000000 00000000 00000000 00000000 00000000 ff00ff00 00000000
00000000 00000000 00000000 00000000 00000000 00000000 00000000 00000000
00000000 00000000 00000000 00000000 00000000 00000000 00000000 00000000
00000041 00000114 0ff010b7
00000000 0ff01000 00000000 00000003 00000000 00000000 00000000 ff00ff00
00000000 00000000 00000000 00000000 00000000 00000000 ff00ff00 00000000
00000000 00000000 00000000 00000000 00000000 00000000 00000000 00000000
00000000 00000000 00000000 00000000 00000000 00000000 00000000 00000000
00000042 00000118 ff008093
00000000 0ff00ff0 00000000 00000003 00000000 00000000 00000000 ff00ff00
00000000 00000000 00000000 00000000 00000000 00000000 ff00ff00 00000000
00000000 00000000 00000000 00000000 00000000 00000000 00000000 00000000
00000000 00000000 00000000 00000000 00000000 00000000 00000000 00000000
00000043 0000011c 0f00f713
00000000 0ff00ff0 00000000 00000003 00000000 00000000 00000000 ff00ff00
00000000 00000000 00000000 00000000 00000000 00000000 000000f0 00000000
00000000 00000000 00000000 00000000 00000000 00000000 00000000 00000000
00000000 00000000 00000000 00000000 00000000 00000000 00000000 00000000
00000044 00000120 0f000393
00000000 0ff00ff0 00000000 00000003 00000000 00000000 00000000 000000f0
00000000 00000000 00000000 00000000 00000000 00000000 000000f0 00000000
00000000 00000000 00000000 00000000 00000000 00000000 00000000 00000000
00000000 00000000 00000000 00000000 00000000 00000000 00000000 00000000
00000045 00000124 18771863
00000000 0ff00ff0 00000000 00000003 00000000 00000000 00000000 000000f0
00000000 00000000 00000000 00000000 00000000 00000000 000000f0 00000000
00000000 00000000 00000000 00000000 00000000 00000000 00000000 00000000
00000000 00000000 00000000 00000000 00000000 00000000 00000000 00000000
00000046 00000128 00400193
00000000 0ff00ff0 00000000 00000004 00000000 00000000 00000000 000000f0
00000000 00000000 00000000 00000000 00000000 00000000 000000f0 00000000
00000000 00000000 00000000 00000000 00000000 00000000 00000000 00000000
00000000 00000000 00000000 00000000 00000000 00000000 00000000 00000000
00000047 0000012c 00ff00b7
00000000 00ff0000 00000000 00000004 00000000 00000000 00000000 000000f0
00000000 00000000 00000000 00000000 00000000 00000000 000000f0 00000000
00000000 00000000 00000000 00000000 00000000 00000000 00000000 00000000
00000000 00000000 00000000 00000000 00000000 00000000 00000000 00000000
00000048 00000130 0ff08093
00000000 00ff00ff 00000000 00000004 00000000 00000000 00000000 000000f0
00000000 00000000 00000000 00000000 00000000 00000000 000000f0 00000000
00000000 00000000 00000000 00000000 00000000 00000000 00000000 00000000
00000000 00000000 00000000 00000000 00000000 00000000 00000000 00000000
00000049 00000134 70f0f713
00000000 00ff00ff 00000000 00000004 00000000 00000000 00000000 000000f0
00000000 00000000 00000000 00000000 00000000 00000000 0000000f 00000000
00000000 00000000 00000000 00000000 00000000 00000000 00000000 00000000
00000000 00000000 00000000 00000000 00000000 00000000 00000000 00000000
00000050 00000138 00f00393
00000000 00ff00ff 00000000 00000004 00000000 00000000 00000000 0000000f
00000000 00000000 00000000 00000000 00000000 00000000 0000000f 00000000
00000000 00000000 00000000 00000000 00000000 00000000 00000000 00000000
00000000 00000000 00000000 00000000 00000000 00000000 00000000 00000000
00000051 0000013c 16771c63
00000000 00ff00ff 00000000 00000004 00000000 00000000 00000000 0000000f
00000000 00000000 00000000 00000000 00000000 00000000 0000000f 00000000
00000000 00000000 00000000 00000000 00000000 00000000 00000000 00000000
00000000 00000000 00000000 00000000 00000000 00000000 00000000 00000000
00000052 00000140 00500193
00000000 00ff00ff 00000000 00000005 00000000 00000000 00000000 0000000f
00000000 00000000 00000000 00000000 00000000 00000000 0000000f 00000000
00000000 00000000 00000000 00000000 00000000 00000000 00000000 00000000
00000000 00000000 00000000 00000000 00000000 00000000 00000000 00000000
00000053 00000144 f00ff0b7
00000000 f00ff000 00000000 00000005 00000000 00000000 00000000 0000000f
00000000 00000000 00000000 00000000 00000000 00000000 0000000f 00000000
00000000 00000000 00000000 00000000 00000000 00000000 00000000 00000000
00000000 00000000 00000000 00000000 00000000 00000000 00000000 00000000
00000054 00000148 00f08093
00000000 f00ff00f 00000000 00000005 00000000 00000000 00000000 0000000f
00000000 00000000 00000000 00000000 00000000 00000000 0000000f 00000000
00000000 00000000 00000000 00000000 00000000 00000000 00000000 00000000
00000000 00000000 00000000 00000000 00000000 00000000 00000000 00000000
00000055 0000014c 0f00f713
00000000 f00ff00f 00000000 00000005 00000000 00000000 00000000 0000000f
00000000 00000000 00000000 00000000 00000000 00000000 00000000 00000000
00000000 00000000 00000000 00000000 00000000 00000000 00000000 00000000
00000000 00000000 00000000 00000000 00000000 00000000 00000000 00000000
00000056 00000150 00000393
00000000 f00ff00f 00000000 00000005 00000000 00000000 00000000 00000000
00000000 00000000 00000000 00000000 00000000 00000000 00000000 00000000
00000000 00000000 00000000 00000000 00000000 00000000 00000000 00000000
00000000 00000000 00000000 00000000 00000000 00000000 00000000 00000000
00000057 00000154 16771063
00000000 f00ff00f 00000000 00000005 00000000 00000000 00000000 00000000
00000000 00000000 00000000 00000000 00000000 00000000 00000000 00000000
00000000 00000000 00000000 00000000 00000000 00000000 00000000 00000000
00000000 00000000 00000000 00000000 00000000 00000000 00000000 00000000
00000058 00000158 00600193
00000000 f00ff00f 00000000 00000006 00000000 00000000 00000000 00000000
00000000 00000000 00000000 00000000 00000000 00000000 00000000 00000000
00000000 00000000 00000000 00000000 00000000 00000000 00000000 00000000
00000000 00000000 00000000 00000000 00000000 00000000 00000000 00000000
00000059 0000015c ff0100b7
00000000 ff010000 00000000 00000006 00000000 00000000 00000000 00000000
00000000 00000000 00000000 00000000 00000000 00000000 00000000 00000000
00000000 00000000 00000000 00000000 00000000 00000000 00000000 00000000
00000000 00000000 00000000 00000000 00000000 00000000 00000000 00000000
00000060 00000160 f0008093
00000000 ff00ff00 00000000 00000006 00000000 00000000 00000000 00000000
00000000 00000000 00000000 00000000 00000000 00000000 00000000 00000000
00000000 00000000 00000000 00000000 00000000 00000000 00000000 00000000
00000000 00000000 00000000 00000000 00000000 00000000 00000000 00000000
00000061 00000164 0f00f093
00000000 00000000 00000000 00000006 00000000 00000000 00000000 00000000
00000000 00000000 00000000 00000000 00000000 00000000 00000000 00000000
00000000 00000000 00000000 00000000 00000000 00000000 00000000 00000000
00000000 00000000 00000000 00000000 00000000 00000000 00000000 00000000
00000062 00000168 00000393
00000000 00000000 00000000 00000006 00000000 00000000 00000000 00000000
00000000 00000000 00000000 00000000 00000000 00000000 00000000 00000000
00000000 00000000 00000000 00000000 00000000 00000000 00000000 00000000
00000000 00000000 00000000 00000000 00000000 00000000 00000000 00000000
00000063 0000016c 14709463
00000000 00000000 00000000 00000006 00000000 00000000 00000000 00000000
00000000 00000000 00000000 00000000 00000000 00000000 00000000 00000000
00000000 00000000 00000000 00000000 00000000 00000000 00000000 00000000
00000000 00000000 00000000 00000000 00000000 00000000 00000000 00000000
00000064 00000170 00700193
00000000 00000000 00000000 00000007 00000000 00000000 00000000 00000000
00000000 00000000 00000000 00000000 00000000 00000000 00000000 00000000
00000000 00000000 00000000 00000000 00000000 00000000 00000000 00000000
00000000 00000000 00000000 00000000 00000000 00000000 00000000 00000000
00000065 00000174 00000213
00000000 00000000 00000000 00000007 00000000 00000000 00000000 00000000
00000000 00000000 00000000 00000000 00000000 00000000 00000000 00000000
00000000 00000000 00000000 00000000 00000000 00000000 00000000 00000000
00000000 00000000 00000000 00000000 00000000 00000000 00000000 00000000
00000066 00000178 0ff010b7
00000000 0ff01000 00000000 00000007 00000000 00000000 00000000 00000000
00000000 00000000 00000000 00000000 00000000 00000000 00000000 00000000
00000000 00000000 00000000 00000000 00000000 00000000 00000000 00000000
00000000 00000000 00000000 00000000 00000000 00000000 00000000 00000000
00000067 0000017c ff008093
00000000 0ff00ff0 00000000 00000007 00000000 00000000 00000000 00000000
00000000 00000000 00000000 00000000 00000000 00000000 00000000 00000000
00000000 00000000 00000000 00000000 00000000 00000000 00000000 00000000
00000000 00000000 00000000 00000000 00000000 00000000 00000000 00000000
00000068 00000180 70f0f713
00000000 0ff00ff0 00000000 00000007 00000000 00000000 00000000 00000000
00000000 00000000 00000000 00000000 00000000 00000000 00000700 00000000
00000000 00000000 00000000 00000000 00000000 00000000 00000000 00000000
00000000 00000000 00000000 00000000 00000000 00000000 00000000 00000000
00000069 00000184 00070313
00000000 0ff00ff0 00000000 00000007 00000000 00000000 00000700 00000000
00000000 00000000 00000000 00000000 00000000 00000000 00000700 00000000
00000000 00000000 00000000 00000000 00000000 00000000 00000000 00000000
00000000 00000000 00000000 00000000 00000000 00000000 00000000 00000000
00000070 00000188 00120213
00000000 0ff00ff0 00000000 00000007 00000001 00000000 00000700 00000000
00000000 00000000 00000000 00000000 00000000 00000000 00000700 00000000
00000000 00000000 00000000 00000000 00000000 00000000 00000000 00000000
00000000 00000000 00000000 00000000 00000000 00000000 00000000 00000000
00000071 0000018c 00200293
00000000 0ff00ff0 00000000 00000007 00000001 00000002 00000700 00000000
00000000 00000000 00000000 00000000 00000000 00000000 00000700 00000000
00000000 00000000 00000000 00000000 00000000 00000000 00000000 00000000
00000000 00000000 00000000 00000000 00000000 00000000 00000000 00000000
00000072 00000190 fe5214e3
00000000 0ff00ff0 00000000 00000007 00000001 00000002 00000700 00000000
00000000 00000000 00000000 00000000 00000000 00000000 00000700 00000000
00000000 00000000 00000000 00000000 00000000 00000000 00000000 00000000
00000000 00000000 00000000 00000000 00000000 00000000 00000000 00000000
00000073 00000178 0ff010b7
00000000 0ff01000 00000000 00000007 00000001 00000002 00000700 00000000
00000000 00000000 00000000 00000000 00000000 00000000 00000700 00000000
00000000 00000000 00000000 00000000 00000000 00000000 00000000 00000000
00000000 00000000 00000000 00000000 00000000 00000000 00000000 00000000
00000074 0000017c ff008093
00000000 0ff00ff0 00000000 00000007 00000001 00000002 00000700 00000000
00000000 00000000 00000000 00000000 00000000 00000000 00000700 00000000
00000000 00000000 00000000 00000000 00000000 00000000 00000000 00000000
00000000 00000000 00000000 00000000 00000000 00000000 00000000 00000000
00000075 00000180 70f0f713
00000000 0ff00ff0 00000000 00000007 00000001 00000002 00000700 00000000
00000000 00000000 00000000 00000000 00000000 00000000 00000700 00000000
00000000 00000000 00000000 00000000 00000000 00000000 00000000 00000000
00000000 00000000 00000000 00000000 00000000 00000000 00000000 00000000
00000076 00000184 00070313
00000000 0ff00ff0 00000000 00000007 00000001 00000002 00000700 00000000
00000000 00000000 00000000 00000000 00000000 00000000 00000700 00000000
00000000 00000000 00000000 00000000 00000000 00000000 00000000 00000000
00000000 00000000 00000000 00000000 00000000 00000000 00000000 00000000
00000077 00000188 00120213
00000000 0ff00ff0 00000000 00000007 00000002 00000002 00000700 00000000
00000000 00000000 00000000 00000000 00000000 00000000 00000700 00000000
00000000 00000000 00000000 00000000 00000000 00000000 00000000 00000000
00000000 00000000 00000000 00000000 00000000 00000000 00000000 00000000
00000078 0000018c 00200293
00000000 0ff00ff0 00000000 00000007 00000002 00000002 00000700 00000000
00000000 00000000 00000000 00000000 00000000 00000000 00000700 00000000
00000000 00000000 00000000 00000000 00000000 00000000 00000000 00000000
00000000 00000000 00000000 00000000 00000000 00000000 00000000 00000000
00000079 00000190 fe5214e3
00000000 0ff00ff0 00000000 00000007 00000002 00000002 00000700 00000000
00000000 00000000 00000000 00000000 00000000 00000000 00000700 00000000
00000000 00000000 00000000 00000000 00000000 00000000 00000000 00000000
00000000 00000000 00000000 00000000 00000000 00000000 00000000 00000000
00000080 00000194 70000393
00000000 0ff00ff0 00000000 00000007 00000002 00000002 00000700 00000700
00000000 00000000 00000000 00000000 00000000 00000000 00000700 00000000
00000000 00000000 00000000 00000000 00000000 00000000 00000000 00000000
00000000 00000000 00000000 00000000 00000000 00000000 00000000 00000000
00000081 00000198 10731e63
00000000 0ff00ff0 00000000 00000007 00000002 00000002 00000700 00000700
00000000 00000000 00000000 00000000 00000000 00000000 00000700 00000000
00000000 00000000 00000000 00000000 00000000 00000000 00000000 00000000
00000000 00000000 00000000 00000000 00000000 00000000 00000000 00000000
00000082 0000019c 00800193
00000000 0ff00ff0 00000000 00000008 00000002 00000002 00000700 00000700
00000000 00000000 00000000 00000000 00000000 00000000 00000700 00000000
00000000 00000000 00000000 00000000 00000000 00000000 00000000 00000000
00000000 00000000 00000000 00000000 00000000 00000000 00000000 00000000
00000083 000001a0 00000213
00000000 0ff00ff0 00000000 00000008 00000000 00000002 00000700 00000700
00000000 00000000 00000000 00000000 00000000 00000000 00000700 00000000
00000000 00000000 00000000 00000000 00000000 00000000 00000000 00000000
00000000 00000000 00000000 00000000 00000000 00000000 00000000 00000000
00000084 000001a4 00ff00b7
00000000 00ff0000 00000000 00000008 00000000 00000002 00000700 00000700
00000000 00000000 00000000 00000000 00000000 00000000 00000700 00000000
00000000 00000000 00000000 00000000 00000000 00000000 00000000 00000000
00000000 00000000 00000000 00000000 00000000 00000000 00000000 00000000
00000085 000001a8 0ff08093
00000000 00ff00ff 00000000 00000008 00000000 00000002 00000700 00000700
00000000 00000000 00000000 00000000 00000000 00000000 00000700 00000000
00000000 00000000 00000000 00000000 00000000 00000000 00000000 00000000
00000000 00000000 00000000 00000000 00000000 00000000 00000000 00000000
00000086 000001ac 0f00f713
00000000 00ff00ff 00000000 00000008 00000000 00000002 00000700 00000700
00000000 00000000 00000000 00000000 00000000 00000000 000000f0 00000000
00000000 00000000 00000000 00000000 00000000 00000000 00000000 00000000
00000000 00000000 00000000 00000000 00000000 00000000 00000000 00000000
00000087 000001b0 00000013
00000000 00ff00ff 00000000 00000008 00000000 00000002 00000700 00000700
00000000 00000000 00000000 00000000 00000000 00000000 000000f0 00000000
00000000 00000000 00000000 00000000 00000000 00000000 00000000 00000000
00000000 00000000 00000000 00000000 00000000 00000000 00000000 00000000
00000088 000001b4 00070313
00000000 00ff00ff 00000000 00000008 00000000 00000002 000000f0 00000700
00000000 00000000 00000000 00000000 00000000 00000000 000000f0 00000000
00000000 00000000 00000000 00000000 00000000 00000000 00000000 00000000
00000000 00000000 00000000 00000000 00000000 00000000 00000000 00000000
00000089 000001b8 00120213
00000000 00ff00ff 00000000 00000008 00000001 00000002 000000f0 00000700
00000000 00000000 00000000 00000000 00000000 00000000 000000f0 00000000
00000000 00000000 00000000 00000000 00000000 00000000 00000000 00000000
00000000 00000000 00000000 00000000 00000000 00000000 00000000 00000000
00000090 000001bc 00200293
00000000 00ff00ff 00000000 00000008 00000001 00000002 000000f0 00000700
00000000 00000000 00000000 00000000 00000000 00000000 000000f0 00000000
00000000 00000000 00000000 00000000 00000000 00000000 00000000 00000000
00000000 00000000 00000000 00000000 00000000 00000000 00000000 00000000
00000091 000001c0 fe5212e3
00000000 00ff00ff 00000000 00000008 00000001 00000002 000000f0 00000700
00000000 00000000 00000000 00000000 00000000 00000000 000000f0 00000000
00000000 00000000 00000000 00000000 00000000 00000000 00000000 00000000
00000000 00000000 00000000 00000000 00000000 00000000 00000000 00000000
00000092 000001a4 00ff00b7
00000000 00ff0000 00000000 00000008 00000001 00000002 000000f0 00000700
00000000 00000000 00000000 00000000 00000000 00000000 000000f0 00000000
00000000 00000000 00000000 00000000 00000000 00000000 00000000 00000000
00000000 00000000 00000000 00000000 00000000 00000000 00000000 00000000
00000093 000001a8 0ff08093
00000000 00ff00ff 00000000 00000008 00000001 00000002 000000f0 00000700
00000000 00000000 00000000 00000000 00000000 00000000 000000f0 00000000
00000000 00000000 00000000 00000000 00000000 00000000 00000000 00000000
00000000 00000000 00000000 00000000 00000000 00000000 00000000 00000000
00000094 000001ac 0f00f713
00000000 00ff00ff 00000000 00000008 00000001 00000002 000000f0 00000700
00000000 00000000 00000000 00000000 00000000 00000000 000000f0 00000000
00000000 00000000 00000000 00000000 00000000 00000000 00000000 00000000
00000000 00000000 00000000 00000000 00000000 00000000 00000000 00000000
00000095 000001b0 00000013
00000000 00ff00ff 00000000 00000008 00000001 00000002 000000f0 00000700
00000000 00000000 00000000 00000000 00000000 00000000 000000f0 00000000
00000000 00000000 00000000 00000000 00000000 00000000 00000000 00000000
00000000 00000000 00000000 00000000 00000000 00000000 00000000 00000000
00000096 000001b4 00070313
00000000 00ff00ff 00000000 00000008 00000001 00000002 000000f0 00000700
00000000 00000000 00000000 00000000 00000000 00000000 000000f0 00000000
00000000 00000000 00000000 00000000 00000000 00000000 00000000 00000000
00000000 00000000 00000000 00000000 00000000 00000000 00000000 00000000
00000097 000001b8 00120213
00000000 00ff00ff 00000000 00000008 00000002 00000002 000000f0 00000700
00000000 00000000 00000000 00000000 00000000 00000000 000000f0 00000000
00000000 00000000 00000000 00000000 00000000 00000000 00000000 00000000
00000000 00000000 00000000 00000000 00000000 00000000 00000000 00000000
00000098 000001bc 00200293
00000000 00ff00ff 00000000 00000008 00000002 00000002 000000f0 00000700
00000000 00000000 00000000 00000000 00000000 00000000 000000f0 00000000
00000000 00000000 00000000 00000000 00000000 00000000 00000000 00000000
00000000 00000000 00000000 00000000 00000000 00000000 00000000 00000000
00000099 000001c0 fe5212e3
00000000 00ff00ff 00000000 00000008 00000002 00000002 000000f0 00000700
00000000 00000000 00000000 00000000 00000000 00000000 000000f0 00000000
00000000 00000000 00000000 00000000 00000000 00000000 00000000 00000000
00000000 00000000 00000000 00000000 00000000 00000000 00000000 00000000
00000100 000001c4 0f000393
00000000 00ff00ff 00000000 00000008 00000002 00000002 000000f0 000000f0
00000000 00000000 00000000 00000000 00000000 00000000 000000f0 00000000
00000000 00000000 00000000 00000000 00000000 00000000 00000000 00000000
00000000 00000000 00000000 00000000 00000000 00000000 00000000 00000000
00000101 000001c8 0e731663
00000000 00ff00ff 00000000 00000008 00000002 00000002 000000f0 000000f0
00000000 00000000 00000000 00000000 00000000 00000000 000000f0 00000000
00000000 00000000 00000000 00000000 00000000 00000000 00000000 00000000
00000000 00000000 00000000 00000000 00000000 00000000 00000000 00000000
00000102 000001cc 00900193
00000000 00ff00ff 00000000 00000009 00000002 00000002 000000f0 000000f0
00000000 00000000 00000000 00000000 00000000 00000000 000000f0 00000000
00000000 00000000 00000000 00000000 00000000 00000000 00000000 00000000
00000000 00000000 00000000 00000000 00000000 00000000 00000000 00000000
00000103 000001d0 00000213
00000000 00ff00ff 00000000 00000009 00000000 00000002 000000f0 000000f0
00000000 00000000 00000000 00000000 00000000 00000000 000000f0 00000000
00000000 00000000 00000000 00000000 00000000 00000000 00000000 00000000
00000000 00000000 00000000 00000000 00000000 00000000 00000000 00000000
00000104 000001d4 f00ff0b7
00000000 f00ff000 00000000 00000009 00000000 00000002 000000f0 000000f0
00000000 00000000 00000000 00000000 00000000 00000000 000000f0 00000000
00000000 00000000 00000000 00000000 00000000 00000000 00000000 00000000
00000000 00000000 00000000 00000000 00000000 00000000 00000000 00000000
00000105 000001d8 00f08093
00000000 f00ff00f 00000000 00000009 00000000 00000002 000000f0 000000f0
00000000 00000000 00000000 00000000 00000000 00000000 000000f0 00000000
00000000 00000000 00000000 00000000 00000000 00000000 00000000 00000000
00000000 00000000 00000000 00000000 00000000 00000000 00000000 00000000
00000106 000001dc f0f0f713
00000000 f00ff00f 00000000 00000009 00000000 00000002 000000f0 000000f0
00000000 00000000 00000000 00000000 00000000 00000000 f00ff00f 00000000
00000000 00000000 00000000 00000000 00000000 00000000 00000000 00000000
00000000 00000000 00000000 00000000 00000000 00000000 00000000 00000000
00000107 000001e0 00000013
00000000 f00ff00f 00000000 00000009 00000000 00000002 000000f0 000000f0
00000000 00000000 00000000 00000000 00000000 00000000 f00ff00f 00000000
00000000 00000000 00000000 00000000 00000000 00000000 00000000 00000000
00000000 00000000 00000000 00000000 00000000 00000000 00000000 00000000
00000108 000001e4 00000013
00000000 f00ff00f 00000000 00000009 00000000 00000002 000000f0 000000f0
00000000 00000000 00000000 00000000 00000000 00000000 f00ff00f 00000000
00000000 00000000 00000000 00000000 00000000 00000000 00000000 00000000
00000000 00000000 00000000 00000000 00000000 00000000 00000000 00000000
00000109 000001e8 00070313
00000000 f00ff00f 00000000 00000009 00000000 00000002 f00ff00f 000000f0
00000000 00000000 00000000 00000000 00000000 00000000 f00ff00f 00000000
00000000 00000000 00000000 00000000 00000000 00000000 00000000 00000000
00000000 00000000 00000000 00000000 00000000 00000000 00000000 00000000
00000110 000001ec 00120213
00000000 f00ff00f 00000000 00000009 00000001 00000002 f00ff00f 000000f0
00000000 00000000 00000000 00000000 00000000 00000000 f00ff00f 00000000
00000000 00000000 00000000 00000000 00000000 00000000 00000000 00000000
00000000 00000000 00000000 00000000 00000000 00000000 00000000 00000000
00000111 000001f0 00200293
00000000 f00ff00f 00000000 00000009 00000001 00000002 f00ff00f 000000f0
00000000 00000000 00000000 00000000 00000000 00000000 f00ff00f 00000000
00000000 00000000 00000000 00000000 00000000 00000000 00000000 00000000
00000000 00000000 00000000 00000000 00000000 00000000 00000000 00000000
00000112 000001f4 fe5210e3
00000000 f00ff00f 00000000 00000009 00000001 00000002 f00ff00f 000000f0
00000000 00000000 00000000 00000000 00000000 00000000 f00ff00f 00000000
00000000 00000000 00000000 00000000 00000000 00000000 00000000 00000000
00000000 00000000 00000000 00000000 00000000 00000000 00000000 00000000
00000113 000001d4 f00ff0b7
00000000 f00ff000 00000000 00000009 00000001 00000002 f00ff00f 000000f0
00000000 00000000 00000000 00000000 00000000 00000000 f00ff00f 00000000
00000000 00000000 00000000 00000000 00000000 00000000 00000000 00000000
00000000 00000000 00000000 00000000 00000000 00000000 00000000 00000000
00000114 000001d8 00f08093
00000000 f00ff00f 00000000 00000009 00000001 00000002 f00ff00f 000000f0
00000000 00000000 00000000 00000000 00000000 00000000 f00ff00f 00000000
00000000 00000000 00000000 00000000 00000000 00000000 00000000 00000000
00000000 00000000 00000000 00000000 00000000 00000000 00000000 00000000
00000115 000001dc f0f0f713
00000000 f00ff00f 00000000 00000009 00000001 00000002 f00ff00f 000000f0
00000000 00000000 00000000 00000000 00000000 00000000 f00ff00f 00000000
00000000 00000000 00000000 00000000 00000000 00000000 00000000 00000000
00000000 00000000 00000000 00000000 00000000 00000000 00000000 00000000
00000116 000001e0 00000013
00000000 f00ff00f 00000000 00000009 00000001 00000002 f00ff00f 000000f0
00000000 00000000 00000000 00000000 00000000 00000000 f00ff00f 00000000
00000000 00000000 00000000 00000000 00000000 00000000 00000000 00000000
00000000 00000000 00000000 00000000 00000000 00000000 00000000 00000000
00000117 000001e4 00000013
00000000 f00ff00f 00000000 00000009 00000001 00000002 f00ff00f 000000f0
00000000 00000000 00000000 00000000 00000000 00000000 f00ff00f 00000000
00000000 00000000 00000000 00000000 00000000 00000000 00000000 00000000
00000000 00000000 00000000 00000000 00000000 00000000 00000000 00000000
00000118 000001e8 00070313
00000000 f00ff00f 00000000 00000009 00000001 00000002 f00ff00f 000000f0
00000000 00000000 00000000 00000000 00000000 00000000 f00ff00f 00000000
00000000 00000000 00000000 00000000 00000000 00000000 00000000 00000000
00000000 00000000 00000000 00000000 00000000 00000000 00000000 00000000
00000119 000001ec 00120213
00000000 f00ff00f 00000000 00000009 00000002 00000002 f00ff00f 000000f0
00000000 00000000 00000000 00000000 00000000 00000000 f00ff00f 00000000
00000000 00000000 00000000 00000000 00000000 00000000 00000000 00000000
00000000 00000000 00000000 00000000 00000000 00000000 00000000 00000000
00000120 000001f0 00200293
00000000 f00ff00f 00000000 00000009 00000002 00000002 f00ff00f 000000f0
00000000 00000000 00000000 00000000 00000000 00000000 f00ff00f 00000000
00000000 00000000 00000000 00000000 00000000 00000000 00000000 00000000
00000000 00000000 00000000 00000000 00000000 00000000 00000000 00000000
00000121 000001f4 fe5210e3
00000000 f00ff00f 00000000 00000009 00000002 00000002 f00ff00f 000000f0
00000000 00000000 00000000 00000000 00000000 00000000 f00ff00f 00000000
00000000 00000000 00000000 00000000 00000000 00000000 00000000 00000000
00000000 00000000 00000000 00000000 00000000 00000000 00000000 00000000
00000122 000001f8 f00ff3b7
00000000 f00ff00f 00000000 00000009 00000002 00000002 f00ff00f f00ff000
00000000 00000000 00000000 00000000 00000000 00000000 f00ff00f 00000000
00000000 00000000 00000000 00000000 00000000 00000000 00000000 00000000
00000000 00000000 00000000 00000000 00000000 00000000 00000000 00000000
00000123 000001fc 00f38393
00000000 f00ff00f 00000000 00000009 00000002 00000002 f00ff00f f00ff00f
00000000 00000000 00000000 00000000 00000000 00000000 f00ff00f 00000000
00000000 00000000 00000000 00000000 00000000 00000000 00000000 00000000
00000000 00000000 00000000 00000000 00000000 00000000 00000000 00000000
00000124 00000200 0a731a63
00000000 f00ff00f 00000000 00000009 00000002 00000002 f00ff00f f00ff00f
00000000 00000000 00000000 00000000 00000000 00000000 f00ff00f 00000000
00000000 00000000 00000000 00000000 00000000 00000000 00000000 00000000
00000000 00000000 00000000 00000000 00000000 00000000 00000000 00000000
00000125 00000204 00a00193
00000000 f00ff00f 00000000 0000000a 00000002 00000002 f00ff00f f00ff00f
00000000 00000000 00000000 00000000 00000000 00000000 f00ff00f 00000000
00000000 00000000 00000000 00000000 00000000 00000000 00000000 00000000
00000000 00000000 00000000 00000000 00000000 00000000 00000000 00000000
00000126 00000208 00000213
00000000 f00ff00f 00000000 0000000a 00000000 00000002 f00ff00f f00ff00f
00000000 00000000 00000000 00000000 00000000 00000000 f00ff00f 00000000
00000000 00000000 00000000 00000000 00000000 00000000 00000000 00000000
00000000 00000000 00000000 00000000 00000000 00000000 00000000 00000000
00000127 0000020c 0ff010b7
00000000 0ff01000 00000000 0000000a 00000000 00000002 f00ff00f f00ff00f
00000000 00000000 00000000 00000000 00000000 00000000 f00ff00f 00000000
00000000 00000000 00000000 00000000 00000000 00000000 00000000 00000000
00000000 00000000 00000000 00000000 00000000 00000000 00000000 00000000
00000128 00000210 ff008093
00000000 0ff00ff0 00000000 0000000a 00000000 00000002 f00ff00f f00ff00f
00000000 00000000 00000000 00000000 00000000 00000000 f00ff00f 00000000
00000000 00000000 00000000 00000000 00000000 00000000 00000000 00000000
00000000 00000000 00000000 00000000 00000000 00000000 00000000 00000000
00000129 00000214 70f0f713
00000000 0ff00ff0 00000000 0000000a 00000000 00000002 f00ff00f f00ff00f
00000000 00000000 00000000 00000000 00000000 00000000 00000700 00000000
00000000 00000000 00000000 00000000 00000000 00000000 00000000 00000000
00000000 00000000 00000000 00000000 00000000 00000000 00000000 00000000
00000130 00000218 00120213
00000000 0ff00ff0 00000000 0000000a 00000001 00000002 f00ff00f f00ff00f
00000000 00000000 00000000 00000000 00000000 00000000 00000700 00000000
00000000 00000000 00000000 00000000 00000000 00000000 00000000 00000000
00000000 00000000 00000000 00000000 00000000 00000000 00000000 00000000
00000131 0000021c 00200293
00000000 0ff00ff0 00000000 0000000a 00000001 00000002 f00ff00f f00ff00f
00000000 00000000 00000000 00000000 00000000 00000000 00000700 00000000
00000000 00000000 00000000 00000000 00000000 00000000 00000000 00000000
00000000 00000000 00000000 00000000 00000000 00000000 00000000 00000000
00000132 00000220 fe5216e3
00000000 0ff00ff0 00000000 0000000a 00000001 00000002 f00ff00f f00ff00f
00000000 00000000 00000000 00000000 00000000 00000000 00000700 00000000
00000000 00000000 00000000 00000000 00000000 00000000 00000000 00000000
00000000 00000000 00000000 00000000 00000000 00000000 00000000 00000000
00000133 0000020c 0ff010b7
00000000 0ff01000 00000000 0000000a 00000001 00000002 f00ff00f f00ff00f
00000000 00000000 00000000 00000000 00000000 00000000 00000700 00000000
00000000 00000000 00000000 00000000 00000000 00000000 00000000 00000000
00000000 00000000 00000000 00000000 00000000 00000000 00000000 00000000
00000134 00000210 ff008093
00000000 0ff00ff0 00000000 0000000a 00000001 00000002 f00ff00f f00ff00f
00000000 00000000 00000000 00000000 00000000 00000000 00000700 00000000
00000000 00000000 00000000 00000000 00000000 00000000 00000000 00000000
00000000 00000000 00000000 00000000 00000000 00000000 00000000 00000000
00000135 00000214 70f0f713
00000000 0ff00ff0 00000000 0000000a 00000001 00000002 f00ff00f f00ff00f
00000000 00000000 00000000 00000000 00000000 00000000 00000700 00000000
00000000 00000000 00000000 00000000 00000000 00000000 00000000 00000000
00000000 00000000 00000000 00000000 00000000 00000000 00000000 00000000
00000136 00000218 00120213
00000000 0ff00ff0 00000000 0000000a 00000002 00000002 f00ff00f f00ff00f
00000000 00000000 00000000 00000000 00000000 00000000 00000700 00000000
00000000 00000000 00000000 00000000 00000000 00000000 00000000 00000000
00000000 00000000 00000000 00000000 00000000 00000000 00000000 00000000
00000137 0000021c 00200293
00000000 0ff00ff0 00000000 0000000a 00000002 00000002 f00ff00f f00ff00f
00000000 00000000 00000000 00000000 00000000 00000000 00000700 00000000
00000000 00000000 00000000 00000000 00000000 00000000 00000000 00000000
00000000 00000000 00000000 00000000 00000000 00000000 00000000 00000000
00000138 00000220 fe5216e3
00000000 0ff00ff0 00000000 0000000a 00000002 00000002 f00ff00f f00ff00f
00000000 00000000 00000000 00000000 00000000 00000000 00000700 00000000
00000000 00000000 00000000 00000000 00000000 00000000 00000000 00000000
00000000 00000000 00000000 00000000 00000000 00000000 00000000 00000000
00000139 00000224 70000393
00000000 0ff00ff0 00000000 0000000a 00000002 00000002 f00ff00f 00000700
00000000 00000000 00000000 00000000 00000000 00000000 00000700 00000000
00000000 00000000 00000000 00000000 00000000 00000000 00000000 00000000
00000000 00000000 00000000 00000000 00000000 00000000 00000000 00000000
00000140 00000228 08771663
00000000 0ff00ff0 00000000 0000000a 00000002 00000002 f00ff00f 00000700
00000000 00000000 00000000 00000000 00000000 00000000 00000700 00000000
00000000 00000000 00000000 00000000 00000000 00000000 00000000 00000000
00000000 00000000 00000000 00000000 00000000 00000000 00000000 00000000
00000141 0000022c 00b00193
00000000 0ff00ff0 00000000 0000000b 00000002 00000002 f00ff00f 00000700
00000000 00000000 00000000 00000000 00000000 00000000 00000700 00000000
00000000 00000000 00000000 00000000 00000000 00000000 00000000 00000000
00000000 00000000 00000000 00000000 00000000 00000000 00000000 00000000
00000142 00000230 00000213
00000000 0ff00ff0 00000000 0000000b 00000000 00000002 f00ff00f 00000700
00000000 00000000 00000000 00000000 00000000 00000000 00000700 00000000
00000000 00000000 00000000 00000000 00000000 00000000 00000000 00000000
00000000 00000000 00000000 00000000 00000000 00000000 00000000 00000000
00000143 00000234 00ff00b7
00000000 00ff0000 00000000 0000000b 00000000 00000002 f00ff00f 00000700
00000000 00000000 00000000 00000000 00000000 00000000 00000700 00000000
00000000 00000000 00000000 00000000 00000000 00000000 00000000 00000000
00000000 00000000 00000000 00000000 00000000 00000000 00000000 00000000
00000144 00000238 0ff08093
00000000 00ff00ff 00000000 0000000b 00000000 00000002 f00ff00f 00000700
00000000 00000000 00000000 00000000 00000000 00000000 00000700 00000000
00000000 00000000 00000000 00000000 00000000 00000000 00000000 00000000
00000000 00000000 00000000 00000000 00000000 00000000 00000000 00000000
00000145 0000023c 00000013
00000000 00ff00ff 00000000 0000000b 00000000 00000002 f00ff00f 00000700
00000000 00000000 00000000 00000000 00000000 00000000 00000700 00000000
00000000 00000000 00000000 00000000 00000000 00000000 00000000 00000000
00000000 00000000 00000000 00000000 00000000 00000000 00000000 00000000
00000146 00000240 0f00f713
00000000 00ff00ff 00000000 0000000b 00000000 00000002 f00ff00f 00000700
00000000 00000000 00000000 00000000 00000000 00000000 000000f0 00000000
00000000 00000000 00000000 00000000 00000000 00000000 00000000 00000000
00000000 00000000 00000000 00000000 00000000 00000000 00000000 00000000
00000147 00000244 00120213
00000000 00ff00ff 00000000 0000000b 00000001 00000002 f00ff00f 00000700
00000000 00000000 00000000 00000000 00000000 00000000 000000f0 00000000
00000000 00000000 00000000 00000000 00000000 00000000 00000000 00000000
00000000 00000000 00000000 00000000 00000000 00000000 00000000 00000000
00000148 00000248 00200293
00000000 00ff00ff 00000000 0000000b 00000001 00000002 f00ff00f 00000700
00000000 00000000 00000000 00000000 00000000 00000000 000000f0 00000000
00000000 00000000 00000000 00000000 00000000 00000000 00000000 00000000
00000000 00000000 00000000 00000000 00000000 00000000 00000000 00000000
00000149 0000024c fe5214e3
00000000 00ff00ff 00000000 0000000b 00000001 00000002 f00ff00f 00000700
00000000 00000000 00000000 00000000 00000000 00000000 000000f0 00000000
00000000 00000000 00000000 00000000 00000000 00000000 00000000 00000000
00000000 00000000 00000000 00000000 00000000 00000000 00000000 00000000
00000150 00000234 00ff00b7
00000000 00ff0000 00000000 0000000b 00000001 00000002 f00ff00f 00000700
00000000 00000000 00000000 00000000 00000000 00000000 000000f0 00000000
00000000 00000000 00000000 00000000 00000000 00000000 00000000 00000000
00000000 00000000 00000000 00000000 00000000 00000000 00000000 00000000
00000151 00000238 0ff08093
00000000 00ff00ff 00000000 0000000b 00000001 00000002 f00ff00f 00000700
00000000 00000000 00000000 00000000 00000000 00000000 000000f0 00000000
00000000 00000000 00000000 00000000 00000000 00000000 00000000 00000000
00000000 00000000 00000000 00000000 00000000 00000000 00000000 00000000
00000152 0000023c 00000013
00000000 00ff00ff 00000000 0000000b 00000001 00000002 f00ff00f 00000700
00000000 00000000 00000000 00000000 00000000 00000000 000000f0 00000000
00000000 00000000 00000000 00000000 00000000 00000000 00000000 00000000
00000000 00000000 00000000 00000000 00000000 00000000 00000000 00000000
00000153 00000240 0f00f713
00000000 00ff00ff 00000000 0000000b 00000001 00000002 f00ff00f 00000700
00000000 00000000 00000000 00000000 00000000 00000000 000000f0 00000000
00000000 00000000 00000000 00000000 00000000 00000000 00000000 00000000
00000000 00000000 00000000 00000000 00000000 00000000 00000000 00000000
00000154 00000244 00120213
00000000 00ff00ff 00000000 0000000b 00000002 00000002 f00ff00f 00000700
00000000 00000000 00000000 00000000 00000000 00000000 000000f0 00000000
00000000 00000000 00000000 00000000 00000000 00000000 00000000 00000000
00000000 00000000 00000000 00000000 00000000 00000000 00000000 00000000
00000155 00000248 00200293
00000000 00ff00ff 00000000 0000000b 00000002 00000002 f00ff00f 00000700
00000000 00000000 00000000 00000000 00000000 00000000 000000f0 00000000
00000000 00000000 00000000 00000000 00000000 00000000 00000000 00000000
00000000 00000000 00000000 00000000 00000000 00000000 00000000 00000000
00000156 0000024c fe5214e3
00000000 00ff00ff 00000000 0000000b 00000002 00000002 f00ff00f 00000700
00000000 00000000 00000000 00000000 00000000 00000000 000000f0 00000000
00000000 00000000 00000000 00000000 00000000 00000000 00000000 00000000
00000000 00000000 00000000 00000000 00000000 00000000 00000000 00000000
00000157 00000250 0f000393
00000000 00ff00ff 00000000 0000000b 00000002 00000002 f00ff00f 000000f0
00000000 00000000 00000000 00000000 00000000 00000000 000000f0 00000000
00000000 00000000 00000000 00000000 00000000 00000000 00000000 00000000
00000000 00000000 00000000 00000000 00000000 00000000 00000000 00000000
00000158 00000254 06771063
00000000 00ff00ff 00000000 0000000b 00000002 00000002 f00ff00f 000000f0
00000000 00000000 00000000 00000000 00000000 00000000 000000f0 00000000
00000000 00000000 00000000 00000000 00000000 00000000 00000000 00000000
00000000 00000000 00000000 00000000 00000000 00000000 00000000 00000000
00000159 00000258 00c00193
00000000 00ff00ff 00000000 0000000c 00000002 00000002 f00ff00f 000000f0
00000000 00000000 00000000 00000000 00000000 00000000 000000f0 00000000
00000000 00000000 00000000 00000000 00000000 00000000 00000000 00000000
00000000 00000000 00000000 00000000 00000000 00000000 00000000 00000000
00000160 0000025c 00000213
00000000 00ff00ff 00000000 0000000c 00000000 00000002 f00ff00f 000000f0
00000000 00000000 00000000 00000000 00000000 00000000 000000f0 00000000
00000000 00000000 00000000 00000000 00000000 00000000 00000000 00000000
00000000 00000000 00000000 00000000 00000000 00000000 00000000 00000000
00000161 00000260 f00ff0b7
00000000 f00ff000 00000000 0000000c 00000000 00000002 f00ff00f 000000f0
00000000 00000000 00000000 00000000 00000000 00000000 000000f0 00000000
00000000 00000000 00000000 00000000 00000000 00000000 00000000 00000000
00000000 00000000 00000000 00000000 00000000 00000000 00000000 00000000
00000162 00000264 00f08093
00000000 f00ff00f 00000000 0000000c 00000000 00000002 f00ff00f 000000f0
00000000 00000000 00000000 00000000 00000000 00000000 000000f0 00000000
00000000 00000000 00000000 00000000 00000000 00000000 00000000 00000000
00000000 00000000 00000000 00000000 00000000 00000000 00000000 00000000
00000163 00000268 00000013
00000000 f00ff00f 00000000 0000000c 00000000 00000002 f00ff00f 000000f0
00000000 00000000 00000000 00000000 00000000 00000000 000000f0 00000000
00000000 00000000 00000000 00000000 00000000 00000000 00000000 00000000
00000000 00000000 00000000 00000000 00000000 00000000 00000000 00000000
00000164 0000026c 00000013
00000000 f00ff00f 00000000 0000000c 00000000 00000002 f00ff00f 000000f0
00000000 00000000 00000000 00000000 00000000 00000000 000000f0 00000000
00000000 00000000 00000000 00000000 00000000 00000000 00000000 00000000
00000000 00000000 00000000 00000000 00000000 00000000 00000000 00000000
00000165 00000270 70f0f713
00000000 f00ff00f 00000000 0000000c 00000000 00000002 f00ff00f 000000f0
00000000 00000000 00000000 00000000 00000000 00000000 0000000f 00000000
00000000 00000000 00000000 00000000 00000000 00000000 00000000 00000000
00000000 00000000 00000000 00000000 00000000 00000000 00000000 00000000
00000166 00000274 00120213
00000000 f00ff00f 00000000 0000000c 00000001 00000002 f00ff00f 000000f0
00000000 00000000 00000000 00000000 00000000 00000000 0000000f 00000000
00000000 00000000 00000000 00000000 00000000 00000000 00000000 00000000
00000000 00000000 00000000 00000000 00000000 00000000 00000000 00000000
00000167 00000278 00200293
00000000 f00ff00f 00000000 0000000c 00000001 00000002 f00ff00f 000000f0
00000000 00000000 00000000 00000000 00000000 00000000 0000000f 00000000
00000000 00000000 00000000 00000000 00000000 00000000 00000000 00000000
00000000 00000000 00000000 00000000 00000000 00000000 00000000 00000000
00000168 0000027c fe5212e3
00000000 f00ff00f 00000000 0000000c 00000001 00000002 f00ff00f 000000f0
00000000 00000000 00000000 00000000 00000000 00000000 0000000f 00000000
00000000 00000000 00000000 00000000 00000000 00000000 00000000 00000000
00000000 00000000 00000000 00000000 00000000 00000000 00000000 00000000
00000169 00000260 f00ff0b7
00000000 f00ff000 00000000 0000000c 00000001 00000002 f00ff00f 000000f0
00000000 00000000 00000000 00000000 00000000 00000000 0000000f 00000000
00000000 00000000 00000000 00000000 00000000 00000000 00000000 00000000
00000000 00000000 00000000 00000000 00000000 00000000 00000000 00000000
00000170 00000264 00f08093
00000000 f00ff00f 00000000 0000000c 00000001 00000002 f00ff00f 000000f0
00000000 00000000 00000000 00000000 00000000 00000000 0000000f 00000000
00000000 00000000 00000000 00000000 00000000 00000000 00000000 00000000
00000000 00000000 00000000 00000000 00000000 00000000 00000000 00000000
00000171 00000268 00000013
00000000 f00ff00f 00000000 0000000c 00000001 00000002 f00ff00f 000000f0
00000000 00000000 00000000 00000000 00000000 00000000 0000000f 00000000
00000000 00000000 00000000 00000000 00000000 00000000 00000000 00000000
00000000 00000000 00000000 00000000 00000000 00000000 00000000 00000000
00000172 0000026c 00000013
00000000 f00ff00f 00000000 0000000c 00000001 00000002 f00ff00f 000000f0
00000000 00000000 00000000 00000000 00000000 00000000 0000000f 00000000
00000000 00000000 00000000 00000000 00000000 00000000 00000000 00000000
00000000 00000000 00000000 00000000 00000000 00000000 00000000 00000000
00000173 00000270 70f0f713
00000000 f00ff00f 00000000 0000000c 00000001 00000002 f00ff00f 000000f0
00000000 00000000 00000000 00000000 00000000 00000000 0000000f 00000000
00000000 00000000 00000000 00000000 00000000 00000000 00000000 00000000
00000000 00000000 00000000 00000000 00000000 00000000 00000000 00000000
00000174 00000274 00120213
00000000 f00ff00f 00000000 0000000c 00000002 00000002 f00ff00f 000000f0
00000000 00000000 00000000 00000000 00000000 00000000 0000000f 00000000
00000000 00000000 00000000 00000000 00000000 00000000 00000000 00000000
00000000 00000000 00000000 00000000 00000000 00000000 00000000 00000000
00000175 00000278 00200293
00000000 f00ff00f 00000000 0000000c 00000002 00000002 f00ff00f 000000f0
00000000 00000000 00000000 00000000 00000000 00000000 0000000f 00000000
00000000 00000000 00000000 00000000 00000000 00000000 00000000 00000000
00000000 00000000 00000000 00000000 00000000 00000000 00000000 00000000
00000176 0000027c fe5212e3
00000000 f00ff00f 00000000 0000000c 00000002 00000002 f00ff00f 000000f0
00000000 00000000 00000000 00000000 00000000 00000000 0000000f 00000000
00000000 00000000 00000000 00000000 00000000 00000000 00000000 00000000
00000000 00000000 00000000 00000000 00000000 00000000 00000000 00000000
00000177 00000280 00f00393
00000000 f00ff00f 00000000 0000000c 00000002 00000002 f00ff00f 0000000f
00000000 00000000 00000000 00000000 00000000 00000000 0000000f 00000000
00000000 00000000 00000000 00000000 00000000 00000000 00000000 00000000
00000000 00000000 00000000 00000000 00000000 00000000 00000000 00000000
00000178 00000284 02771863
00000000 f00ff00f 00000000 0000000c 00000002 00000002 f00ff00f 0000000f
00000000 00000000 00000000 00000000 00000000 00000000 0000000f 00000000
00000000 00000000 00000000 00000000 00000000 00000000 00000000 00000000
00000000 00000000 00000000 00000000 00000000 00000000 00000000 00000000
00000179 00000288 00d00193
00000000 f00ff00f 00000000 0000000d 00000002 00000002 f00ff00f 0000000f
00000000 00000000 00000000 00000000 00000000 00000000 0000000f 00000000
00000000 00000000 00000000 00000000 00000000 00000000 00000000 00000000
00000000 00000000 00000000 00000000 00000000 00000000 00000000 00000000
00000180 0000028c 0f007093
00000000 00000000 00000000 0000000d 00000002 00000002 f00ff00f 0000000f
00000000 00000000 00000000 00000000 00000000 00000000 0000000f 00000000
00000000 00000000 00000000 00000000 00000000 00000000 00000000 00000000
00000000 00000000 00000000 00000000 00000000 00000000 00000000 00000000
00000181 00000290 00000393
00000000 00000000 00000000 0000000d 00000002 00000002 f00ff00f 00000000
00000000 00000000 00000000 00000000 00000000 00000000 0000000f 00000000
00000000 00000000 00000000 00000000 00000000 00000000 00000000 00000000
00000000 00000000 00000000 00000000 00000000 00000000 00000000 00000000
00000182 00000294 02709063
00000000 00000000 00000000 0000000d 00000002 00000002 f00ff00f 00000000
00000000 00000000 00000000 00000000 00000000 00000000 0000000f 00000000
00000000 00000000 00000000 00000000 00000000 00000000 00000000 00000000
00000000 00000000 00000000 00000000 00000000 00000000 00000000 00000000
00000183 00000298 00e00193
00000000 00000000 00000000 0000000e 00000002 00000002 f00ff00f 00000000
00000000 00000000 00000000 00000000 00000000 00000000 0000000f 00000000
00000000 00000000 00000000 00000000 00000000 00000000 00000000 00000000
00000000 00000000 00000000 00000000 00000000 00000000 00000000 00000000
00000184 0000029c 00ff00b7
00000000 00ff0000 00000000 0000000e 00000002 00000002 f00ff00f 00000000
00000000 00000000 00000000 00000000 00000000 00000000 0000000f 00000000
00000000 00000000 00000000 00000000 00000000 00000000 00000000 00000000
00000000 00000000 00000000 00000000 00000000 00000000 00000000 00000000
00000185 000002a0 0ff08093
00000000 00ff00ff 00000000 0000000e 00000002 00000002 f00ff00f 00000000
00000000 00000000 00000000 00000000 00000000 00000000 0000000f 00000000
00000000 00000000 00000000 00000000 00000000 00000000 00000000 00000000
00000000 00000000 00000000 00000000 00000000 00000000 00000000 00000000
00000186 000002a4 70f0f013
00000000 00ff00ff 00000000 0000000e 00000002 00000002 f00ff00f 00000000
00000000 00000000 00000000 00000000 00000000 00000000 0000000f 00000000
00000000 00000000 00000000 00000000 00000000 00000000 00000000 00000000
00000000 00000000 00000000 00000000 00000000 00000000 00000000 00000000
00000187 000002a8 00000393
00000000 00ff00ff 00000000 0000000e 00000002 00000002 f00ff00f 00000000
00000000 00000000 00000000 00000000 00000000 00000000 0000000f 00000000
00000000 00000000 00000000 00000000 00000000 00000000 00000000 00000000
00000000 00000000 00000000 00000000 00000000 00000000 00000000 00000000
00000188 000002ac 00701463
00000000 00ff00ff 00000000 0000000e 00000002 00000002 f00ff00f 00000000
00000000 00000000 00000000 00000000 00000000 00000000 0000000f 00000000
00000000 00000000 00000000 00000000 00000000 00000000 00000000 00000000
00000000 00000000 00000000 00000000 00000000 00000000 00000000 00000000
00000189 000002b0 02301063
00000000 00ff00ff 00000000 0000000e 00000002 00000002 f00ff00f 00000000
00000000 00000000 00000000 00000000 00000000 00000000 0000000f 00000000
00000000 00000000 00000000 00000000 00000000 00000000 00000000 00000000
00000000 00000000 00000000 00000000 00000000 00000000 00000000 00000000
00000190 000002d0 30000513
00000000 00ff00ff 00000000 0000000e 00000002 00000002 f00ff00f 00000000
00000000 00000000 00000300 00000000 00000000 00000000 0000000f 00000000
00000000 00000000 00000000 00000000 00000000 00000000 00000000 00000000
00000000 00000000 00000000 00000000 00000000 00000000 00000000 00000000
00000191 000002d4 d41ff0ef
00000000 000002d8 00000000 0000000e 00000002 00000002 f00ff00f 00000000
00000000 00000000 00000300 00000000 00000000 00000000 0000000f 00000000
00000000 00000000 00000000 00000000 00000000 00000000 00000000 00000000
00000000 00000000 00000000 00000000 00000000 00000000 00000000 00000000
00000192 00000014 40008337
00000000 000002d8 00000000 0000000e 00000002 00000002 40008000 00000000
00000000 00000000 00000300 00000000 00000000 00000000 0000000f 00000000
00000000 00000000 00000000 00000000 00000000 00000000 00000000 00000000
00000000 00000000 00000000 00000000 00000000 00000000 00000000 00000000
00000193 00000018 000102b7
00000000 000002d8 00000000 0000000e 00000002 00010000 40008000 00000000
00000000 00000000 00000300 00000000 00000000 00000000 0000000f 00000000
00000000 00000000 00000000 00000000 00000000 00000000 00000000 00000000
00000000 00000000 00000000 00000000 00000000 00000000 00000000 00000000
00000194 0000001c 00054383
00000000 000002d8 00000000 0000000e 00000002 00010000 40008000 00000063
00000000 00000000 00000300 00000000 00000000 00000000 0000000f 00000000
00000000 00000000 00000000 00000000 00000000 00000000 00000000 00000000
00000000 00000000 00000000 00000000 00000000 00000000 00000000 00000000
00000195 00000020 00038a63
00000000 000002d8 00000000 0000000e 00000002 00010000 40008000 00000063
00000000 00000000 00000300 00000000 00000000 00000000 0000000f 00000000
00000000 00000000 00000000 00000000 00000000 00000000 00000000 00000000
00000000 00000000 00000000 00000000 00000000 00000000 00000000 00000000
00000196 00000024 0053e3b3
00000000 000002d8 00000000 0000000e 00000002 00010000 40008000 00010063
00000000 00000000 00000300 00000000 00000000 00000000 0000000f 00000000
00000000 00000000 00000000 00000000 00000000 00000000 00000000 00000000
00000000 00000000 00000000 00000000 00000000 00000000 00000000 00000000
00000197 00000028 00732023
00000000 000002d8 00000000 0000000e 00000002 00010000 40008000 00010063
00000000 00000000 00000300 00000000 00000000 00000000 0000000f 00000000
00000000 00000000 00000000 00000000 00000000 00000000 00000000 00000000
00000000 00000000 00000000 00000000 00000000 00000000 00000000 00000000
00000198 0000002c 00150513
00000000 000002d8 00000000 0000000e 00000002 00010000 40008000 00010063
00000000 00000000 00000301 00000000 00000000 00000000 0000000f 00000000
00000000 00000000 00000000 00000000 00000000 00000000 00000000 00000000
00000000 00000000 00000000 00000000 00000000 00000000 00000000 00000000
00000199 00000030 fedff06f
00000000 000002d8 00000000 0000000e 00000002 00010000 40008000 00010063
00000000 00000000 00000301 00000000 00000000 00000000 0000000f 00000000
00000000 00000000 00000000 00000000 00000000 00000000 00000000 00000000
00000000 00000000 00000000 00000000 00000000 00000000 00000000 00000000
00000200 0000001c 00054383
00000000 000002d8 00000000 0000000e 00000002 00010000 40008000 0000006f
00000000 00000000 00000301 00000000 00000000 00000000 0000000f 00000000
00000000 00000000 00000000 00000000 00000000 00000000 00000000 00000000
00000000 00000000 00000000 00000000 00000000 00000000 00000000 00000000
00000201 00000020 00038a63
00000000 000002d8 00000000 0000000e 00000002 00010000 40008000 0000006f
00000000 00000000 00000301 00000000 00000000 00000000 0000000f 00000000
00000000 00000000 00000000 00000000 00000000 00000000 00000000 00000000
00000000 00000000 00000000 00000000 00000000 00000000 00000000 00000000
00000202 00000024 0053e3b3
00000000 000002d8 00000000 0000000e 00000002 00010000 40008000 0001006f
00000000 00000000 00000301 00000000 00000000 00000000 0000000f 00000000
00000000 00000000 00000000 00000000 00000000 00000000 00000000 00000000
00000000 00000000 00000000 00000000 00000000 00000000 00000000 00000000
00000203 00000028 00732023
00000000 000002d8 00000000 0000000e 00000002 00010000 40008000 0001006f
00000000 00000000 00000301 00000000 00000000 00000000 0000000f 00000000
00000000 00000000 00000000 00000000 00000000 00000000 00000000 00000000
00000000 00000000 00000000 00000000 00000000 00000000 00000000 00000000
00000204 0000002c 00150513
00000000 000002d8 00000000 0000000e 00000002 00010000 40008000 0001006f
00000000 00000000 00000302 00000000 00000000 00000000 0000000f 00000000
00000000 00000000 00000000 00000000 00000000 00000000 00000000 00000000
00000000 00000000 00000000 00000000 00000000 00000000 00000000 00000000
00000205 00000030 fedff06f
00000000 000002d8 00000000 0000000e 00000002 00010000 40008000 0001006f
00000000 00000000 00000302 00000000 00000000 00000000 0000000f 00000000
00000000 00000000 00000000 00000000 00000000 00000000 00000000 00000000
00000000 00000000 00000000 00000000 00000000 00000000 00000000 00000000
00000206 0000001c 00054383
00000000 000002d8 00000000 0000000e 00000002 00010000 40008000 00000072
00000000 00000000 00000302 00000000 00000000 00000000 0000000f 00000000
00000000 00000000 00000000 00000000 00000000 00000000 00000000 00000000
00000000 00000000 00000000 00000000 00000000 00000000 00000000 00000000
00000207 00000020 00038a63
00000000 000002d8 00000000 0000000e 00000002 00010000 40008000 00000072
00000000 00000000 00000302 00000000 00000000 00000000 0000000f 00000000
00000000 00000000 00000000 00000000 00000000 00000000 00000000 00000000
00000000 00000000 00000000 00000000 00000000 00000000 00000000 00000000
00000208 00000024 0053e3b3
00000000 000002d8 00000000 0000000e 00000002 00010000 40008000 00010072
00000000 00000000 00000302 00000000 00000000 00000000 0000000f 00000000
00000000 00000000 00000000 00000000 00000000 00000000 00000000 00000000
00000000 00000000 00000000 00000000 00000000 00000000 00000000 00000000
00000209 00000028 00732023
00000000 000002d8 00000000 0000000e 00000002 00010000 40008000 00010072
00000000 00000000 00000302 00000000 00000000 00000000 0000000f 00000000
00000000 00000000 00000000 00000000 00000000 00000000 00000000 00000000
00000000 00000000 00000000 00000000 00000000 00000000 00000000 00000000
00000210 0000002c 00150513
00000000 000002d8 00000000 0000000e 00000002 00010000 40008000 00010072
00000000 00000000 00000303 00000000 00000000 00000000 0000000f 00000000
00000000 00000000 00000000 00000000 00000000 00000000 00000000 00000000
00000000 00000000 00000000 00000000 00000000 00000000 00000000 00000000
00000211 00000030 fedff06f
00000000 000002d8 00000000 0000000e 00000002 00010000 40008000 00010072
00000000 00000000 00000303 00000000 00000000 00000000 0000000f 00000000
00000000 00000000 00000000 00000000 00000000 00000000 00000000 00000000
00000000 00000000 00000000 00000000 00000000 00000000 00000000 00000000
00000212 0000001c 00054383
00000000 000002d8 00000000 0000000e 00000002 00010000 40008000 00000072
00000000 00000000 00000303 00000000 00000000 00000000 0000000f 00000000
00000000 00000000 00000000 00000000 00000000 00000000 00000000 00000000
00000000 00000000 00000000 00000000 00000000 00000000 00000000 00000000
00000213 00000020 00038a63
00000000 000002d8 00000000 0000000e 00000002 00010000 40008000 00000072
00000000 00000000 00000303 00000000 00000000 00000000 0000000f 00000000
00000000 00000000 00000000 00000000 00000000 00000000 00000000 00000000
00000000 00000000 00000000 00000000 00000000 00000000 00000000 00000000
00000214 00000024 0053e3b3
00000000 000002d8 00000000 0000000e 00000002 00010000 40008000 00010072
00000000 00000000 00000303 00000000 00000000 00000000 0000000f 00000000
00000000 00000000 00000000 00000000 00000000 00000000 00000000 00000000
00000000 00000000 00000000 00000000 00000000 00000000 00000000 00000000
00000215 00000028 00732023
00000000 000002d8 00000000 0000000e 00000002 00010000 40008000 00010072
00000000 00000000 00000303 00000000 00000000 00000000 0000000f 00000000
00000000 00000000 00000000 00000000 00000000 00000000 00000000 00000000
00000000 00000000 00000000 00000000 00000000 00000000 00000000 00000000
00000216 0000002c 00150513
00000000 000002d8 00000000 0000000e 00000002 00010000 40008000 00010072
00000000 00000000 00000304 00000000 00000000 00000000 0000000f 00000000
00000000 00000000 00000000 00000000 00000000 00000000 00000000 00000000
00000000 00000000 00000000 00000000 00000000 00000000 00000000 00000000
00000217 00000030 fedff06f
00000000 000002d8 00000000 0000000e 00000002 00010000 40008000 00010072
00000000 00000000 00000304 00000000 00000000 00000000 0000000f 00000000
00000000 00000000 00000000 00000000 00000000 00000000 00000000 00000000
00000000 00000000 00000000 00000000 00000000 00000000 00000000 00000000
00000218 0000001c 00054383
00000000 000002d8 00000000 0000000e 00000002 00010000 40008000 00000065
00000000 00000000 00000304 00000000 00000000 00000000 0000000f 00000000
00000000 00000000 00000000 00000000 00000000 00000000 00000000 00000000
00000000 00000000 00000000 00000000 00000000 00000000 00000000 00000000
00000219 00000020 00038a63
00000000 000002d8 00000000 0000000e 00000002 00010000 40008000 00000065
00000000 00000000 00000304 00000000 00000000 00000000 0000000f 00000000
00000000 00000000 00000000 00000000 00000000 00000000 00000000 00000000
00000000 00000000 00000000 00000000 00000000 00000000 00000000 00000000
00000220 00000024 0053e3b3
00000000 000002d8 00000000 0000000e 00000002 00010000 40008000 00010065
00000000 00000000 00000304 00000000 00000000 00000000 0000000f 00000000
00000000 00000000 00000000 00000000 00000000 00000000 00000000 00000000
00000000 00000000 00000000 00000000 00000000 00000000 00000000 00000000
00000221 00000028 00732023
00000000 000002d8 00000000 0000000e 00000002 00010000 40008000 00010065
00000000 00000000 00000304 00000000 00000000 00000000 0000000f 00000000
00000000 00000000 00000000 00000000 00000000 00000000 00000000 00000000
00000000 00000000 00000000 00000000 00000000 00000000 00000000 00000000
00000222 0000002c 00150513
00000000 000002d8 00000000 0000000e 00000002 00010000 40008000 00010065
00000000 00000000 00000305 00000000 00000000 00000000 0000000f 00000000
00000000 00000000 00000000 00000000 00000000 00000000 00000000 00000000
00000000 00000000 00000000 00000000 00000000 00000000 00000000 00000000
00000223 00000030 fedff06f
00000000 000002d8 00000000 0000000e 00000002 00010000 40008000 00010065
00000000 00000000 00000305 00000000 00000000 00000000 0000000f 00000000
00000000 00000000 00000000 00000000 00000000 00000000 00000000 00000000
00000000 00000000 00000000 00000000 00000000 00000000 00000000 00000000
00000224 0000001c 00054383
00000000 000002d8 00000000 0000000e 00000002 00010000 40008000 00000063
00000000 00000000 00000305 00000000 00000000 00000000 0000000f 00000000
00000000 00000000 00000000 00000000 00000000 00000000 00000000 00000000
00000000 00000000 00000000 00000000 00000000 00000000 00000000 00000000
00000225 00000020 00038a63
00000000 000002d8 00000000 0000000e 00000002 00010000 40008000 00000063
00000000 00000000 00000305 00000000 00000000 00000000 0000000f 00000000
00000000 00000000 00000000 00000000 00000000 00000000 00000000 00000000
00000000 00000000 00000000 00000000 00000000 00000000 00000000 00000000
00000226 00000024 0053e3b3
00000000 000002d8 00000000 0000000e 00000002 00010000 40008000 00010063
00000000 00000000 00000305 00000000 00000000 00000000 0000000f 00000000
00000000 00000000 00000000 00000000 00000000 00000000 00000000 00000000
00000000 00000000 00000000 00000000 00000000 00000000 00000000 00000000
00000227 00000028 00732023
00000000 000002d8 00000000 0000000e 00000002 00010000 40008000 00010063
00000000 00000000 00000305 00000000 00000000 00000000 0000000f 00000000
00000000 00000000 00000000 00000000 00000000 00000000 00000000 00000000
00000000 00000000 00000000 00000000 00000000 00000000 00000000 00000000
00000228 0000002c 00150513
00000000 000002d8 00000000 0000000e 00000002 00010000 40008000 00010063
00000000 00000000 00000306 00000000 00000000 00000000 0000000f 00000000
00000000 00000000 00000000 00000000 00000000 00000000 00000000 00000000
00000000 00000000 00000000 00000000 00000000 00000000 00000000 00000000
00000229 00000030 fedff06f
00000000 000002d8 00000000 0000000e 00000002 00010000 40008000 00010063
00000000 00000000 00000306 00000000 00000000 00000000 0000000f 00000000
00000000 00000000 00000000 00000000 00000000 00000000 00000000 00000000
00000000 00000000 00000000 00000000 00000000 00000000 00000000 00000000
00000230 0000001c 00054383
00000000 000002d8 00000000 0000000e 00000002 00010000 40008000 00000074
00000000 00000000 00000306 00000000 00000000 00000000 0000000f 00000000
00000000 00000000 00000000 00000000 00000000 00000000 00000000 00000000
00000000 00000000 00000000 00000000 00000000 00000000 00000000 00000000
00000231 00000020 00038a63
00000000 000002d8 00000000 0000000e 00000002 00010000 40008000 00000074
00000000 00000000 00000306 00000000 00000000 00000000 0000000f 00000000
00000000 00000000 00000000 00000000 00000000 00000000 00000000 00000000
00000000 00000000 00000000 00000000 00000000 00000000 00000000 00000000
00000232 00000024 0053e3b3
00000000 000002d8 00000000 0000000e 00000002 00010000 40008000 00010074
00000000 00000000 00000306 00000000 00000000 00000000 0000000f 00000000
00000000 00000000 00000000 00000000 00000000 00000000 00000000 00000000
00000000 00000000 00000000 00000000 00000000 00000000 00000000 00000000
00000233 00000028 00732023
00000000 000002d8 00000000 0000000e 00000002 00010000 40008000 00010074
00000000 00000000 00000306 00000000 00000000 00000000 0000000f 00000000
00000000 00000000 00000000 00000000 00000000 00000000 00000000 00000000
00000000 00000000 00000000 00000000 00000000 00000000 00000000 00000000
00000234 0000002c 00150513
00000000 000002d8 00000000 0000000e 00000002 00010000 40008000 00010074
00000000 00000000 00000307 00000000 00000000 00000000 0000000f 00000000
00000000 00000000 00000000 00000000 00000000 00000000 00000000 00000000
00000000 00000000 00000000 00000000 00000000 00000000 00000000 00000000
00000235 00000030 fedff06f
00000000 000002d8 00000000 0000000e 00000002 00010000 40008000 00010074
00000000 00000000 00000307 00000000 00000000 00000000 0000000f 00000000
00000000 00000000 00000000 00000000 00000000 00000000 00000000 00000000
00000000 00000000 00000000 00000000 00000000 00000000 00000000 00000000
00000236 0000001c 00054383
00000000 000002d8 00000000 0000000e 00000002 00010000 40008000 00000021
00000000 00000000 00000307 00000000 00000000 00000000 0000000f 00000000
00000000 00000000 00000000 00000000 00000000 00000000 00000000 00000000
00000000 00000000 00000000 00000000 00000000 00000000 00000000 00000000
00000237 00000020 00038a63
00000000 000002d8 00000000 0000000e 00000002 00010000 40008000 00000021
00000000 00000000 00000307 00000000 00000000 00000000 0000000f 00000000
00000000 00000000 00000000 00000000 00000000 00000000 00000000 00000000
00000000 00000000 00000000 00000000 00000000 00000000 00000000 00000000
00000238 00000024 0053e3b3
00000000 000002d8 00000000 0000000e 00000002 00010000 40008000 00010021
00000000 00000000 00000307 00000000 00000000 00000000 0000000f 00000000
00000000 00000000 00000000 00000000 00000000 00000000 00000000 00000000
00000000 00000000 00000000 00000000 00000000 00000000 00000000 00000000
00000239 00000028 00732023
00000000 000002d8 00000000 0000000e 00000002 00010000 40008000 00010021
00000000 00000000 00000307 00000000 00000000 00000000 0000000f 00000000
00000000 00000000 00000000 00000000 00000000 00000000 00000000 00000000
00000000 00000000 00000000 00000000 00000000 00000000 00000000 00000000
00000240 0000002c 00150513
00000000 000002d8 00000000 0000000e 00000002 00010000 40008000 00010021
00000000 00000000 00000308 00000000 00000000 00000000 0000000f 00000000
00000000 00000000 00000000 00000000 00000000 00000000 00000000 00000000
00000000 00000000 00000000 00000000 00000000 00000000 00000000 00000000
00000241 00000030 fedff06f
00000000 000002d8 00000000 0000000e 00000002 00010000 40008000 00010021
00000000 00000000 00000308 00000000 00000000 00000000 0000000f 00000000
00000000 00000000 00000000 00000000 00000000 00000000 00000000 00000000
00000000 00000000 00000000 00000000 00000000 00000000 00000000 00000000
00000242 0000001c 00054383
00000000 000002d8 00000000 0000000e 00000002 00010000 40008000 0000000a
00000000 00000000 00000308 00000000 00000000 00000000 0000000f 00000000
00000000 00000000 00000000 00000000 00000000 00000000 00000000 00000000
00000000 00000000 00000000 00000000 00000000 00000000 00000000 00000000
00000243 00000020 00038a63
00000000 000002d8 00000000 0000000e 00000002 00010000 40008000 0000000a
00000000 00000000 00000308 00000000 00000000 00000000 0000000f 00000000
00000000 00000000 00000000 00000000 00000000 00000000 00000000 00000000
00000000 00000000 00000000 00000000 00000000 00000000 00000000 00000000
00000244 00000024 0053e3b3
00000000 000002d8 00000000 0000000e 00000002 00010000 40008000 0001000a
00000000 00000000 00000308 00000000 00000000 00000000 0000000f 00000000
00000000 00000000 00000000 00000000 00000000 00000000 00000000 00000000
00000000 00000000 00000000 00000000 00000000 00000000 00000000 00000000
00000245 00000028 00732023
00000000 000002d8 00000000 0000000e 00000002 00010000 40008000 0001000a
00000000 00000000 00000308 00000000 00000000 00000000 0000000f 00000000
00000000 00000000 00000000 00000000 00000000 00000000 00000000 00000000
00000000 00000000 00000000 00000000 00000000 00000000 00000000 00000000
00000246 0000002c 00150513
00000000 000002d8 00000000 0000000e 00000002 00010000 40008000 0001000a
00000000 00000000 00000309 00000000 00000000 00000000 0000000f 00000000
00000000 00000000 00000000 00000000 00000000 00000000 00000000 00000000
00000000 00000000 00000000 00000000 00000000 00000000 00000000 00000000
00000247 00000030 fedff06f
00000000 000002d8 00000000 0000000e 00000002 00010000 40008000 0001000a
00000000 00000000 00000309 00000000 00000000 00000000 0000000f 00000000
00000000 00000000 00000000 00000000 00000000 00000000 00000000 00000000
00000000 00000000 00000000 00000000 00000000 00000000 00000000 00000000
00000248 0000001c 00054383
00000000 000002d8 00000000 0000000e 00000002 00010000 40008000 00000000
00000000 00000000 00000309 00000000 00000000 00000000 0000000f 00000000
00000000 00000000 00000000 00000000 00000000 00000000 00000000 00000000
00000000 00000000 00000000 00000000 00000000 00000000 00000000 00000000
00000249 00000020 00038a63
00000000 000002d8 00000000 0000000e 00000002 00010000 40008000 00000000
00000000 00000000 00000309 00000000 00000000 00000000 0000000f 00000000
00000000 00000000 00000000 00000000 00000000 00000000 00000000 00000000
00000000 00000000 00000000 00000000 00000000 00000000 00000000 00000000
00000250 00000034 00008067
00000000 000002d8 00000000 0000000e 00000002 00010000 40008000 00000000
00000000 00000000 00000309 00000000 00000000 00000000 0000000f 00000000
00000000 00000000 00000000 00000000 00000000 00000000 00000000 00000000
00000000 00000000 00000000 00000000 00000000 00000000 00000000 00000000
00000251 000002d8 d2dff06f
00000000 000002d8 00000000 0000000e 00000002 00010000 40008000 00000000
00000000 00000000 00000309 00000000 00000000 00000000 0000000f 00000000
00000000 00000000 00000000 00000000 00000000 00000000 00000000 00000000
00000000 00000000 00000000 00000000 00000000 00000000 00000000 00000000
00000252 00000004 40008337
00000000 000002d8 00000000 0000000e 00000002 00010000 40008000 00000000
00000000 00000000 00000309 00000000 00000000 00000000 0000000f 00000000
00000000 00000000 00000000 00000000 00000000 00000000 00000000 00000000
00000000 00000000 00000000 00000000 00000000 00000000 00000000 00000000
00000253 00000008 000202b7
00000000 000002d8 00000000 0000000e 00000002 00020000 40008000 00000000
00000000 00000000 00000309 00000000 00000000 00000000 0000000f 00000000
00000000 00000000 00000000 00000000 00000000 00000000 00000000 00000000
00000000 00000000 00000000 00000000 00000000 00000000 00000000 00000000
00000254 0000000c 00532023
00000000 000002d8 00000000 0000000e 00000002 00020000 40008000 00000000
00000000 00000000 00000309 00000000 00000000 00000000 0000000f 00000000
00000000 00000000 00000000 00000000 00000000 00000000 00000000 00000000
00000000 00000000 00000000 00000000 00000000 00000000 00000000 00000000
