00000001 00000000 0780006f
00000000 00000000 00000000 00000000 00000000 00000000 00000000 00000000
00000000 00000000 00000000 00000000 00000000 00000000 00000000 00000000
00000000 00000000 00000000 00000000 00000000 00000000 00000000 00000000
00000000 00000000 00000000 00000000 00000000 00000000 00000000 00000000
00000002 00000078 00000093
00000000 00000000 00000000 00000000 00000000 00000000 00000000 00000000
00000000 00000000 00000000 00000000 00000000 00000000 00000000 00000000
00000000 00000000 00000000 00000000 00000000 00000000 00000000 00000000
00000000 00000000 00000000 00000000 00000000 00000000 00000000 00000000
00000003 0000007c 00000113
00000000 00000000 00000000 00000000 00000000 00000000 00000000 00000000
00000000 00000000 00000000 00000000 00000000 00000000 00000000 00000000
00000000 00000000 00000000 00000000 00000000 00000000 00000000 00000000
00000000 00000000 00000000 00000000 00000000 00000000 00000000 00000000
00000004 00000080 00000193
00000000 00000000 00000000 00000000 00000000 00000000 00000000 00000000
00000000 00000000 00000000 00000000 00000000 00000000 00000000 00000000
00000000 00000000 00000000 00000000 00000000 00000000 00000000 00000000
00000000 00000000 00000000 00000000 00000000 00000000 00000000 00000000
00000005 00000084 00000213
00000000 00000000 00000000 00000000 00000000 00000000 00000000 00000000
00000000 00000000 00000000 00000000 00000000 00000000 00000000 00000000
00000000 00000000 00000000 00000000 00000000 00000000 00000000 00000000
00000000 00000000 00000000 00000000 00000000 00000000 00000000 00000000
00000006 00000088 00000293
00000000 00000000 00000000 00000000 00000000 00000000 00000000 00000000
00000000 00000000 00000000 00000000 00000000 00000000 00000000 00000000
00000000 00000000 00000000 00000000 00000000 00000000 00000000 00000000
00000000 00000000 00000000 00000000 00000000 00000000 00000000 00000000
00000007 0000008c 00000313
00000000 00000000 00000000 00000000 00000000 00000000 00000000 00000000
00000000 00000000 00000000 00000000 00000000 00000000 00000000 00000000
00000000 00000000 00000000 00000000 00000000 00000000 00000000 00000000
00000000 00000000 00000000 00000000 00000000 00000000 00000000 00000000
00000008 00000090 00000393
00000000 00000000 00000000 00000000 00000000 00000000 00000000 00000000
00000000 00000000 00000000 00000000 00000000 00000000 00000000 00000000
00000000 00000000 00000000 00000000 00000000 00000000 00000000 00000000
00000000 00000000 00000000 00000000 00000000 00000000 00000000 00000000
00000009 00000094 00000413
00000000 00000000 00000000 00000000 00000000 00000000 00000000 00000000
00000000 00000000 00000000 00000000 00000000 00000000 00000000 00000000
00000000 00000000 00000000 00000000 00000000 00000000 00000000 00000000
00000000 00000000 00000000 00000000 00000000 00000000 00000000 00000000
00000010 00000098 00000493
00000000 00000000 00000000 00000000 00000000 00000000 00000000 00000000
00000000 00000000 00000000 00000000 00000000 00000000 00000000 00000000
00000000 00000000 00000000 00000000 00000000 00000000 00000000 00000000
00000000 00000000 00000000 00000000 00000000 00000000 00000000 00000000
00000011 0000009c 00000513
00000000 00000000 00000000 00000000 00000000 00000000 00000000 00000000
00000000 00000000 00000000 00000000 00000000 00000000 00000000 00000000
00000000 00000000 00000000 00000000 00000000 00000000 00000000 00000000
00000000 00000000 00000000 00000000 00000000 00000000 00000000 00000000
00000012 000000a0 00000593
00000000 00000000 00000000 00000000 00000000 00000000 00000000 00000000
00000000 00000000 00000000 00000000 00000000 00000000 00000000 00000000
00000000 00000000 00000000 00000000 00000000 00000000 00000000 00000000
00000000 00000000 00000000 00000000 00000000 00000000 00000000 00000000
00000013 000000a4 00000613
00000000 00000000 00000000 00000000 00000000 00000000 00000000 00000000
00000000 00000000 00000000 00000000 00000000 00000000 00000000 00000000
00000000 00000000 00000000 00000000 00000000 00000000 00000000 00000000
00000000 00000000 00000000 00000000 00000000 00000000 00000000 00000000
00000014 000000a8 00000693
00000000 00000000 00000000 00000000 00000000 00000000 00000000 00000000
00000000 00000000 00000000 00000000 00000000 00000000 00000000 00000000
00000000 00000000 00000000 00000000 00000000 00000000 00000000 00000000
00000000 00000000 00000000 00000000 00000000 00000000 00000000 00000000
00000015 000000ac 00000713
00000000 00000000 00000000 00000000 00000000 00000000 00000000 00000000
00000000 00000000 00000000 00000000 00000000 00000000 00000000 00000000
00000000 00000000 00000000 00000000 00000000 00000000 00000000 00000000
00000000 00000000 00000000 00000000 00000000 00000000 00000000 00000000
00000016 000000b0 00000793
00000000 00000000 00000000 00000000 00000000 00000000 00000000 00000000
00000000 00000000 00000000 00000000 00000000 00000000 00000000 00000000
00000000 00000000 00000000 00000000 00000000 00000000 00000000 00000000
00000000 00000000 00000000 00000000 00000000 00000000 00000000 00000000
00000017 000000b4 00000813
00000000 00000000 00000000 00000000 00000000 00000000 00000000 00000000
00000000 00000000 00000000 00000000 00000000 00000000 00000000 00000000
00000000 00000000 00000000 00000000 00000000 00000000 00000000 00000000
00000000 00000000 00000000 00000000 00000000 00000000 00000000 00000000
00000018 000000b8 00000893
00000000 00000000 00000000 00000000 00000000 00000000 00000000 00000000
00000000 00000000 00000000 00000000 00000000 00000000 00000000 00000000
00000000 00000000 00000000 00000000 00000000 00000000 00000000 00000000
00000000 00000000 00000000 00000000 00000000 00000000 00000000 00000000
00000019 000000bc 00000913
00000000 00000000 00000000 00000000 00000000 00000000 00000000 00000000
00000000 00000000 00000000 00000000 00000000 00000000 00000000 00000000
00000000 00000000 00000000 00000000 00000000 00000000 00000000 00000000
00000000 00000000 00000000 00000000 00000000 00000000 00000000 00000000
00000020 000000c0 00000993
00000000 00000000 00000000 00000000 00000000 00000000 00000000 00000000
00000000 00000000 00000000 00000000 00000000 00000000 00000000 00000000
00000000 00000000 00000000 00000000 00000000 00000000 00000000 00000000
00000000 00000000 00000000 00000000 00000000 00000000 00000000 00000000
00000021 000000c4 00000a13
00000000 00000000 00000000 00000000 00000000 00000000 00000000 00000000
00000000 00000000 00000000 00000000 00000000 00000000 00000000 00000000
00000000 00000000 00000000 00000000 00000000 00000000 00000000 00000000
00000000 00000000 00000000 00000000 00000000 00000000 00000000 00000000
00000022 000000c8 00000a93
00000000 00000000 00000000 00000000 00000000 00000000 00000000 00000000
00000000 00000000 00000000 00000000 00000000 00000000 00000000 00000000
00000000 00000000 00000000 00000000 00000000 00000000 00000000 00000000
00000000 00000000 00000000 00000000 00000000 00000000 00000000 00000000
00000023 000000cc 00000b13
00000000 00000000 00000000 00000000 00000000 00000000 00000000 00000000
00000000 00000000 00000000 00000000 00000000 00000000 00000000 00000000
00000000 00000000 00000000 00000000 00000000 00000000 00000000 00000000
00000000 00000000 00000000 00000000 00000000 00000000 00000000 00000000
00000024 000000d0 00000b93
00000000 00000000 00000000 00000000 00000000 00000000 00000000 00000000
00000000 00000000 00000000 00000000 00000000 00000000 00000000 00000000
00000000 00000000 00000000 00000000 00000000 00000000 00000000 00000000
00000000 00000000 00000000 00000000 00000000 00000000 00000000 00000000
00000025 000000d4 00000c13
00000000 00000000 00000000 00000000 00000000 00000000 00000000 00000000
00000000 00000000 00000000 00000000 00000000 00000000 00000000 00000000
00000000 00000000 00000000 00000000 00000000 00000000 00000000 00000000
00000000 00000000 00000000 00000000 00000000 00000000 00000000 00000000
00000026 000000d8 00000c93
00000000 00000000 00000000 00000000 00000000 00000000 00000000 00000000
00000000 00000000 00000000 00000000 00000000 00000000 00000000 00000000
00000000 00000000 00000000 00000000 00000000 00000000 00000000 00000000
00000000 00000000 00000000 00000000 00000000 00000000 00000000 00000000
00000027 000000dc 00000d13
00000000 00000000 00000000 00000000 00000000 00000000 00000000 00000000
00000000 00000000 00000000 00000000 00000000 00000000 00000000 00000000
00000000 00000000 00000000 00000000 00000000 00000000 00000000 00000000
00000000 00000000 00000000 00000000 00000000 00000000 00000000 00000000
00000028 000000e0 00000d93
00000000 00000000 00000000 00000000 00000000 00000000 00000000 00000000
00000000 00000000 00000000 00000000 00000000 00000000 00000000 00000000
00000000 00000000 00000000 00000000 00000000 00000000 00000000 00000000
00000000 00000000 00000000 00000000 00000000 00000000 00000000 00000000
00000029 000000e4 00000e13
00000000 00000000 00000000 00000000 00000000 00000000 00000000 00000000
00000000 00000000 00000000 00000000 00000000 00000000 00000000 00000000
00000000 00000000 00000000 00000000 00000000 00000000 00000000 00000000
00000000 00000000 00000000 00000000 00000000 00000000 00000000 00000000
00000030 000000e8 00000e93
00000000 00000000 00000000 00000000 00000000 00000000 00000000 00000000
00000000 00000000 00000000 00000000 00000000 00000000 00000000 00000000
00000000 00000000 00000000 00000000 00000000 00000000 00000000 00000000
00000000 00000000 00000000 00000000 00000000 00000000 00000000 00000000
00000031 000000ec 00000f13
00000000 00000000 00000000 00000000 00000000 00000000 00000000 00000000
00000000 00000000 00000000 00000000 00000000 00000000 00000000 00000000
00000000 00000000 00000000 00000000 00000000 00000000 00000000 00000000
00000000 00000000 00000000 00000000 00000000 00000000 00000000 00000000
00000032 000000f0 00000f93
00000000 00000000 00000000 00000000 00000000 00000000 00000000 00000000
00000000 00000000 00000000 00000000 00000000 00000000 00000000 00000000
00000000 00000000 00000000 00000000 00000000 00000000 00000000 00000000
00000000 00000000 00000000 00000000 00000000 00000000 00000000 00000000
00000033 000000f4 00200193
00000000 00000000 00000000 00000002 00000000 00000000 00000000 00000000
00000000 00000000 00000000 00000000 00000000 00000000 00000000 00000000
00000000 00000000 00000000 00000000 00000000 00000000 00000000 00000000
00000000 00000000 00000000 00000000 00000000 00000000 00000000 00000000
00000034 000000f8 00000093
00000000 00000000 00000000 00000002 00000000 00000000 00000000 00000000
00000000 00000000 00000000 00000000 00000000 00000000 00000000 00000000
00000000 00000000 00000000 00000000 00000000 00000000 00000000 00000000
00000000 00000000 00000000 00000000 00000000 00000000 00000000 00000000
00000035 000000fc 00008713
00000000 00000000 00000000 00000002 00000000 00000000 00000000 00000000
00000000 00000000 00000000 00000000 00000000 00000000 00000000 00000000
00000000 00000000 00000000 00000000 00000000 00000000 00000000 00000000
00000000 00000000 00000000 00000000 00000000 00000000 00000000 00000000
00000036 00000100 00000393
00000000 00000000 00000000 00000002 00000000 00000000 00000000 00000000
00000000 00000000 00000000 00000000 00000000 00000000 00000000 00000000
00000000 00000000 00000000 00000000 00000000 00000000 00000000 00000000
00000000 00000000 00000000 00000000 00000000 00000000 00000000 00000000
00000037 00000104 26771c63
00000000 00000000 00000000 00000002 00000000 00000000 00000000 00000000
00000000 00000000 00000000 00000000 00000000 00000000 00000000 00000000
00000000 00000000 00000000 00000000 00000000 00000000 00000000 00000000
00000000 00000000 00000000 00000000 00000000 00000000 00000000 00000000
00000038 00000108 00300193
00000000 00000000 00000000 00000003 00000000 00000000 00000000 00000000
00000000 00000000 00000000 00000000 00000000 00000000 00000000 00000000
00000000 00000000 00000000 00000000 00000000 00000000 00000000 00000000
00000000 00000000 00000000 00000000 00000000 00000000 00000000 00000000
00000039 0000010c 00100093
00000000 00000001 00000000 00000003 00000000 00000000 00000000 00000000
00000000 00000000 00000000 00000000 00000000 00000000 00000000 00000000
00000000 00000000 00000000 00000000 00000000 00000000 00000000 00000000
00000000 00000000 00000000 00000000 00000000 00000000 00000000 00000000
00000040 00000110 00108713
00000000 00000001 00000000 00000003 00000000 00000000 00000000 00000000
00000000 00000000 00000000 00000000 00000000 00000000 00000002 00000000
00000000 00000000 00000000 00000000 00000000 00000000 00000000 00000000
00000000 00000000 00000000 00000000 00000000 00000000 00000000 00000000
00000041 00000114 00200393
00000000 00000001 00000000 00000003 00000000 00000000 00000000 00000002
00000000 00000000 00000000 00000000 00000000 00000000 00000002 00000000
00000000 00000000 00000000 00000000 00000000 00000000 00000000 00000000
00000000 00000000 00000000 00000000 00000000 00000000 00000000 00000000
00000042 00000118 26771263
00000000 00000001 00000000 00000003 00000000 00000000 00000000 00000002
00000000 00000000 00000000 00000000 00000000 00000000 00000002 00000000
00000000 00000000 00000000 00000000 00000000 00000000 00000000 00000000
00000000 00000000 00000000 00000000 00000000 00000000 00000000 00000000
00000043 0000011c 00400193
00000000 00000001 00000000 00000004 00000000 00000000 00000000 00000002
00000000 00000000 00000000 00000000 00000000 00000000 00000002 00000000
00000000 00000000 00000000 00000000 00000000 00000000 00000000 00000000
00000000 00000000 00000000 00000000 00000000 00000000 00000000 00000000
00000044 00000120 00300093
00000000 00000003 00000000 00000004 00000000 00000000 00000000 00000002
00000000 00000000 00000000 00000000 00000000 00000000 00000002 00000000
00000000 00000000 00000000 00000000 00000000 00000000 00000000 00000000
00000000 00000000 00000000 00000000 00000000 00000000 00000000 00000000
00000045 00000124 00708713
00000000 00000003 00000000 00000004 00000000 00000000 00000000 00000002
00000000 00000000 00000000 00000000 00000000 00000000 0000000a 00000000
00000000 00000000 00000000 00000000 00000000 00000000 00000000 00000000
00000000 00000000 00000000 00000000 00000000 00000000 00000000 00000000
00000046 00000128 00a00393
00000000 00000003 00000000 00000004 00000000 00000000 00000000 0000000a
00000000 00000000 00000000 00000000 00000000 00000000 0000000a 00000000
00000000 00000000 00000000 00000000 00000000 00000000 00000000 00000000
00000000 00000000 00000000 00000000 00000000 00000000 00000000 00000000
00000047 0000012c 24771863
00000000 00000003 00000000 00000004 00000000 00000000 00000000 0000000a
00000000 00000000 00000000 00000000 00000000 00000000 0000000a 00000000
00000000 00000000 00000000 00000000 00000000 00000000 00000000 00000000
00000000 00000000 00000000 00000000 00000000 00000000 00000000 00000000
00000048 00000130 00500193
00000000 00000003 00000000 00000005 00000000 00000000 00000000 0000000a
00000000 00000000 00000000 00000000 00000000 00000000 0000000a 00000000
00000000 00000000 00000000 00000000 00000000 00000000 00000000 00000000
00000000 00000000 00000000 00000000 00000000 00000000 00000000 00000000
00000049 00000134 00000093
00000000 00000000 00000000 00000005 00000000 00000000 00000000 0000000a
00000000 00000000 00000000 00000000 00000000 00000000 0000000a 00000000
00000000 00000000 00000000 00000000 00000000 00000000 00000000 00000000
00000000 00000000 00000000 00000000 00000000 00000000 00000000 00000000
00000050 00000138 80008713
00000000 00000000 00000000 00000005 00000000 00000000 00000000 0000000a
00000000 00000000 00000000 00000000 00000000 00000000 fffff800 00000000
00000000 00000000 00000000 00000000 00000000 00000000 00000000 00000000
00000000 00000000 00000000 00000000 00000000 00000000 00000000 00000000
00000051 0000013c 80000393
00000000 00000000 00000000 00000005 00000000 00000000 00000000 fffff800
00000000 00000000 00000000 00000000 00000000 00000000 fffff800 00000000
00000000 00000000 00000000 00000000 00000000 00000000 00000000 00000000
00000000 00000000 00000000 00000000 00000000 00000000 00000000 00000000
00000052 00000140 22771e63
00000000 00000000 00000000 00000005 00000000 00000000 00000000 fffff800
00000000 00000000 00000000 00000000 00000000 00000000 fffff800 00000000
00000000 00000000 00000000 00000000 00000000 00000000 00000000 00000000
00000000 00000000 00000000 00000000 00000000 00000000 00000000 00000000
00000053 00000144 00600193
00000000 00000000 00000000 00000006 00000000 00000000 00000000 fffff800
00000000 00000000 00000000 00000000 00000000 00000000 fffff800 00000000
00000000 00000000 00000000 00000000 00000000 00000000 00000000 00000000
00000000 00000000 00000000 00000000 00000000 00000000 00000000 00000000
00000054 00000148 800000b7
00000000 80000000 00000000 00000006 00000000 00000000 00000000 fffff800
00000000 00000000 00000000 00000000 00000000 00000000 fffff800 00000000
00000000 00000000 00000000 00000000 00000000 00000000 00000000 00000000
00000000 00000000 00000000 00000000 00000000 00000000 00000000 00000000
00000055 0000014c 00008713
00000000 80000000 00000000 00000006 00000000 00000000 00000000 fffff800
00000000 00000000 00000000 00000000 00000000 00000000 80000000 00000000
00000000 00000000 00000000 00000000 00000000 00000000 00000000 00000000
00000000 00000000 00000000 00000000 00000000 00000000 00000000 00000000
00000056 00000150 800003b7
00000000 80000000 00000000 00000006 00000000 00000000 00000000 80000000
00000000 00000000 00000000 00000000 00000000 00000000 80000000 00000000
00000000 00000000 00000000 00000000 00000000 00000000 00000000 00000000
00000000 00000000 00000000 00000000 00000000 00000000 00000000 00000000
00000057 00000154 22771463
00000000 80000000 00000000 00000006 00000000 00000000 00000000 80000000
00000000 00000000 00000000 00000000 00000000 00000000 80000000 00000000
00000000 00000000 00000000 00000000 00000000 00000000 00000000 00000000
00000000 00000000 00000000 00000000 00000000 00000000 00000000 00000000
00000058 00000158 00700193
00000000 80000000 00000000 00000007 00000000 00000000 00000000 80000000
00000000 00000000 00000000 00000000 00000000 00000000 80000000 00000000
00000000 00000000 00000000 00000000 00000000 00000000 00000000 00000000
00000000 00000000 00000000 00000000 00000000 00000000 00000000 00000000
00000059 0000015c 800000b7
00000000 80000000 00000000 00000007 00000000 00000000 00000000 80000000
00000000 00000000 00000000 00000000 00000000 00000000 80000000 00000000
00000000 00000000 00000000 00000000 00000000 00000000 00000000 00000000
00000000 00000000 00000000 00000000 00000000 00000000 00000000 00000000
00000060 00000160 80008713
00000000 80000000 00000000 00000007 00000000 00000000 00000000 80000000
00000000 00000000 00000000 00000000 00000000 00000000 7ffff800 00000000
00000000 00000000 00000000 00000000 00000000 00000000 00000000 00000000
00000000 00000000 00000000 00000000 00000000 00000000 00000000 00000000
00000061 00000164 800003b7
00000000 80000000 00000000 00000007 00000000 00000000 00000000 80000000
00000000 00000000 00000000 00000000 00000000 00000000 7ffff800 00000000
00000000 00000000 00000000 00000000 00000000 00000000 00000000 00000000
00000000 00000000 00000000 00000000 00000000 00000000 00000000 00000000
00000062 00000168 80038393
00000000 80000000 00000000 00000007 00000000 00000000 00000000 7ffff800
00000000 00000000 00000000 00000000 00000000 00000000 7ffff800 00000000
00000000 00000000 00000000 00000000 00000000 00000000 00000000 00000000
00000000 00000000 00000000 00000000 00000000 00000000 00000000 00000000
00000063 0000016c 20771863
00000000 80000000 00000000 00000007 00000000 00000000 00000000 7ffff800
00000000 00000000 00000000 00000000 00000000 00000000 7ffff800 00000000
00000000 00000000 00000000 00000000 00000000 00000000 00000000 00000000
00000000 00000000 00000000 00000000 00000000 00000000 00000000 00000000
00000064 00000170 00800193
00000000 80000000 00000000 00000008 00000000 00000000 00000000 7ffff800
00000000 00000000 00000000 00000000 00000000 00000000 7ffff800 00000000
00000000 00000000 00000000 00000000 00000000 00000000 00000000 00000000
00000000 00000000 00000000 00000000 00000000 00000000 00000000 00000000
00000065 00000174 00000093
00000000 00000000 00000000 00000008 00000000 00000000 00000000 7ffff800
00000000 00000000 00000000 00000000 00000000 00000000 7ffff800 00000000
00000000 00000000 00000000 00000000 00000000 00000000 00000000 00000000
00000000 00000000 00000000 00000000 00000000 00000000 00000000 00000000
00000066 00000178 7ff08713
00000000 00000000 00000000 00000008 00000000 00000000 00000000 7ffff800
00000000 00000000 00000000 00000000 00000000 00000000 000007ff 00000000
00000000 00000000 00000000 00000000 00000000 00000000 00000000 00000000
00000000 00000000 00000000 00000000 00000000 00000000 00000000 00000000
00000067 0000017c 7ff00393
00000000 00000000 00000000 00000008 00000000 00000000 00000000 000007ff
00000000 00000000 00000000 00000000 00000000 00000000 000007ff 00000000
00000000 00000000 00000000 00000000 00000000 00000000 00000000 00000000
00000000 00000000 00000000 00000000 00000000 00000000 00000000 00000000
00000068 00000180 1e771e63
00000000 00000000 00000000 00000008 00000000 00000000 00000000 000007ff
00000000 00000000 00000000 00000000 00000000 00000000 000007ff 00000000
00000000 00000000 00000000 00000000 00000000 00000000 00000000 00000000
00000000 00000000 00000000 00000000 00000000 00000000 00000000 00000000
00000069 00000184 00900193
00000000 00000000 00000000 00000009 00000000 00000000 00000000 000007ff
00000000 00000000 00000000 00000000 00000000 00000000 000007ff 00000000
00000000 00000000 00000000 00000000 00000000 00000000 00000000 00000000
00000000 00000000 00000000 00000000 00000000 00000000 00000000 00000000
00000070 00000188 800000b7
00000000 80000000 00000000 00000009 00000000 00000000 00000000 000007ff
00000000 00000000 00000000 00000000 00000000 00000000 000007ff 00000000
00000000 00000000 00000000 00000000 00000000 00000000 00000000 00000000
00000000 00000000 00000000 00000000 00000000 00000000 00000000 00000000
00000071 0000018c fff08093
00000000 7fffffff 00000000 00000009 00000000 00000000 00000000 000007ff
00000000 00000000 00000000 00000000 00000000 00000000 000007ff 00000000
00000000 00000000 00000000 00000000 00000000 00000000 00000000 00000000
00000000 00000000 00000000 00000000 00000000 00000000 00000000 00000000
00000072 00000190 00008713
00000000 7fffffff 00000000 00000009 00000000 00000000 00000000 000007ff
00000000 00000000 00000000 00000000 00000000 00000000 7fffffff 00000000
00000000 00000000 00000000 00000000 00000000 00000000 00000000 00000000
00000000 00000000 00000000 00000000 00000000 00000000 00000000 00000000
00000073 00000194 800003b7
00000000 7fffffff 00000000 00000009 00000000 00000000 00000000 80000000
00000000 00000000 00000000 00000000 00000000 00000000 7fffffff 00000000
00000000 00000000 00000000 00000000 00000000 00000000 00000000 00000000
00000000 00000000 00000000 00000000 00000000 00000000 00000000 00000000
00000074 00000198 fff38393
00000000 7fffffff 00000000 00000009 00000000 00000000 00000000 7fffffff
00000000 00000000 00000000 00000000 00000000 00000000 7fffffff 00000000
00000000 00000000 00000000 00000000 00000000 00000000 00000000 00000000
00000000 00000000 00000000 00000000 00000000 00000000 00000000 00000000
00000075 0000019c 1e771063
00000000 7fffffff 00000000 00000009 00000000 00000000 00000000 7fffffff
00000000 00000000 00000000 00000000 00000000 00000000 7fffffff 00000000
00000000 00000000 00000000 00000000 00000000 00000000 00000000 00000000
00000000 00000000 00000000 00000000 00000000 00000000 00000000 00000000
00000076 000001a0 00a00193
00000000 7fffffff 00000000 0000000a 00000000 00000000 00000000 7fffffff
00000000 00000000 00000000 00000000 00000000 00000000 7fffffff 00000000
00000000 00000000 00000000 00000000 00000000 00000000 00000000 00000000
00000000 00000000 00000000 00000000 00000000 00000000 00000000 00000000
00000077 000001a4 800000b7
00000000 80000000 00000000 0000000a 00000000 00000000 00000000 7fffffff
00000000 00000000 00000000 00000000 00000000 00000000 7fffffff 00000000
00000000 00000000 00000000 00000000 00000000 00000000 00000000 00000000
00000000 00000000 00000000 00000000 00000000 00000000 00000000 00000000
00000078 000001a8 fff08093
00000000 7fffffff 00000000 0000000a 00000000 00000000 00000000 7fffffff
00000000 00000000 00000000 00000000 00000000 00000000 7fffffff 00000000
00000000 00000000 00000000 00000000 00000000 00000000 00000000 00000000
00000000 00000000 00000000 00000000 00000000 00000000 00000000 00000000
00000079 000001ac 7ff08713
00000000 7fffffff 00000000 0000000a 00000000 00000000 00000000 7fffffff
00000000 00000000 00000000 00000000 00000000 00000000 800007fe 00000000
00000000 00000000 00000000 00000000 00000000 00000000 00000000 00000000
00000000 00000000 00000000 00000000 00000000 00000000 00000000 00000000
00000080 000001b0 800003b7
00000000 7fffffff 00000000 0000000a 00000000 00000000 00000000 80000000
00000000 00000000 00000000 00000000 00000000 00000000 800007fe 00000000
00000000 00000000 00000000 00000000 00000000 00000000 00000000 00000000
00000000 00000000 00000000 00000000 00000000 00000000 00000000 00000000
00000081 000001b4 7fe38393
00000000 7fffffff 00000000 0000000a 00000000 00000000 00000000 800007fe
00000000 00000000 00000000 00000000 00000000 00000000 800007fe 00000000
00000000 00000000 00000000 00000000 00000000 00000000 00000000 00000000
00000000 00000000 00000000 00000000 00000000 00000000 00000000 00000000
00000082 000001b8 1c771263
00000000 7fffffff 00000000 0000000a 00000000 00000000 00000000 800007fe
00000000 00000000 00000000 00000000 00000000 00000000 800007fe 00000000
00000000 00000000 00000000 00000000 00000000 00000000 00000000 00000000
00000000 00000000 00000000 00000000 00000000 00000000 00000000 00000000
00000083 000001bc 00b00193
00000000 7fffffff 00000000 0000000b 00000000 00000000 00000000 800007fe
00000000 00000000 00000000 00000000 00000000 00000000 800007fe 00000000
00000000 00000000 00000000 00000000 00000000 00000000 00000000 00000000
00000000 00000000 00000000 00000000 00000000 00000000 00000000 00000000
00000084 000001c0 800000b7
00000000 80000000 00000000 0000000b 00000000 00000000 00000000 800007fe
00000000 00000000 00000000 00000000 00000000 00000000 800007fe 00000000
00000000 00000000 00000000 00000000 00000000 00000000 00000000 00000000
00000000 00000000 00000000 00000000 00000000 00000000 00000000 00000000
00000085 000001c4 7ff08713
00000000 80000000 00000000 0000000b 00000000 00000000 00000000 800007fe
00000000 00000000 00000000 00000000 00000000 00000000 800007ff 00000000
00000000 00000000 00000000 00000000 00000000 00000000 00000000 00000000
00000000 00000000 00000000 00000000 00000000 00000000 00000000 00000000
00000086 000001c8 800003b7
00000000 80000000 00000000 0000000b 00000000 00000000 00000000 80000000
00000000 00000000 00000000 00000000 00000000 00000000 800007ff 00000000
00000000 00000000 00000000 00000000 00000000 00000000 00000000 00000000
00000000 00000000 00000000 00000000 00000000 00000000 00000000 00000000
00000087 000001cc 7ff38393
00000000 80000000 00000000 0000000b 00000000 00000000 00000000 800007ff
00000000 00000000 00000000 00000000 00000000 00000000 800007ff 00000000
00000000 00000000 00000000 00000000 00000000 00000000 00000000 00000000
00000000 00000000 00000000 00000000 00000000 00000000 00000000 00000000
00000088 000001d0 1a771663
00000000 80000000 00000000 0000000b 00000000 00000000 00000000 800007ff
00000000 00000000 00000000 00000000 00000000 00000000 800007ff 00000000
00000000 00000000 00000000 00000000 00000000 00000000 00000000 00000000
00000000 00000000 00000000 00000000 00000000 00000000 00000000 00000000
00000089 000001d4 00c00193
00000000 80000000 00000000 0000000c 00000000 00000000 00000000 800007ff
00000000 00000000 00000000 00000000 00000000 00000000 800007ff 00000000
00000000 00000000 00000000 00000000 00000000 00000000 00000000 00000000
00000000 00000000 00000000 00000000 00000000 00000000 00000000 00000000
00000090 000001d8 800000b7
00000000 80000000 00000000 0000000c 00000000 00000000 00000000 800007ff
00000000 00000000 00000000 00000000 00000000 00000000 800007ff 00000000
00000000 00000000 00000000 00000000 00000000 00000000 00000000 00000000
00000000 00000000 00000000 00000000 00000000 00000000 00000000 00000000
00000091 000001dc fff08093
00000000 7fffffff 00000000 0000000c 00000000 00000000 00000000 800007ff
00000000 00000000 00000000 00000000 00000000 00000000 800007ff 00000000
00000000 00000000 00000000 00000000 00000000 00000000 00000000 00000000
00000000 00000000 00000000 00000000 00000000 00000000 00000000 00000000
00000092 000001e0 80008713
00000000 7fffffff 00000000 0000000c 00000000 00000000 00000000 800007ff
00000000 00000000 00000000 00000000 00000000 00000000 7ffff7ff 00000000
00000000 00000000 00000000 00000000 00000000 00000000 00000000 00000000
00000000 00000000 00000000 00000000 00000000 00000000 00000000 00000000
00000093 000001e4 7ffff3b7
00000000 7fffffff 00000000 0000000c 00000000 00000000 00000000 7ffff000
00000000 00000000 00000000 00000000 00000000 00000000 7ffff7ff 00000000
00000000 00000000 00000000 00000000 00000000 00000000 00000000 00000000
00000000 00000000 00000000 00000000 00000000 00000000 00000000 00000000
00000094 000001e8 7ff38393
00000000 7fffffff 00000000 0000000c 00000000 00000000 00000000 7ffff7ff
00000000 00000000 00000000 00000000 00000000 00000000 7ffff7ff 00000000
00000000 00000000 00000000 00000000 00000000 00000000 00000000 00000000
00000000 00000000 00000000 00000000 00000000 00000000 00000000 00000000
00000095 000001ec 18771863
00000000 7fffffff 00000000 0000000c 00000000 00000000 00000000 7ffff7ff
00000000 00000000 00000000 00000000 00000000 00000000 7ffff7ff 00000000
00000000 00000000 00000000 00000000 00000000 00000000 00000000 00000000
00000000 00000000 00000000 00000000 00000000 00000000 00000000 00000000
00000096 000001f0 00d00193
00000000 7fffffff 00000000 0000000d 00000000 00000000 00000000 7ffff7ff
00000000 00000000 00000000 00000000 00000000 00000000 7ffff7ff 00000000
00000000 00000000 00000000 00000000 00000000 00000000 00000000 00000000
00000000 00000000 00000000 00000000 00000000 00000000 00000000 00000000
00000097 000001f4 00000093
00000000 00000000 00000000 0000000d 00000000 00000000 00000000 7ffff7ff
00000000 00000000 00000000 00000000 00000000 00000000 7ffff7ff 00000000
00000000 00000000 00000000 00000000 00000000 00000000 00000000 00000000
00000000 00000000 00000000 00000000 00000000 00000000 00000000 00000000
00000098 000001f8 fff08713
00000000 00000000 00000000 0000000d 00000000 00000000 00000000 7ffff7ff
00000000 00000000 00000000 00000000 00000000 00000000 ffffffff 00000000
00000000 00000000 00000000 00000000 00000000 00000000 00000000 00000000
00000000 00000000 00000000 00000000 00000000 00000000 00000000 00000000
00000099 000001fc fff00393
00000000 00000000 00000000 0000000d 00000000 00000000 00000000 ffffffff
00000000 00000000 00000000 00000000 00000000 00000000 ffffffff 00000000
00000000 00000000 00000000 00000000 00000000 00000000 00000000 00000000
00000000 00000000 00000000 00000000 00000000 00000000 00000000 00000000
00000100 00000200 16771e63
00000000 00000000 00000000 0000000d 00000000 00000000 00000000 ffffffff
00000000 00000000 00000000 00000000 00000000 00000000 ffffffff 00000000
00000000 00000000 00000000 00000000 00000000 00000000 00000000 00000000
00000000 00000000 00000000 00000000 00000000 00000000 00000000 00000000
00000101 00000204 00e00193
00000000 00000000 00000000 0000000e 00000000 00000000 00000000 ffffffff
00000000 00000000 00000000 00000000 00000000 00000000 ffffffff 00000000
00000000 00000000 00000000 00000000 00000000 00000000 00000000 00000000
00000000 00000000 00000000 00000000 00000000 00000000 00000000 00000000
00000102 00000208 fff00093
00000000 ffffffff 00000000 0000000e 00000000 00000000 00000000 ffffffff
00000000 00000000 00000000 00000000 00000000 00000000 ffffffff 00000000
00000000 00000000 00000000 00000000 00000000 00000000 00000000 00000000
00000000 00000000 00000000 00000000 00000000 00000000 00000000 00000000
00000103 0000020c 00108713
00000000 ffffffff 00000000 0000000e 00000000 00000000 00000000 ffffffff
00000000 00000000 00000000 00000000 00000000 00000000 00000000 00000000
00000000 00000000 00000000 00000000 00000000 00000000 00000000 00000000
00000000 00000000 00000000 00000000 00000000 00000000 00000000 00000000
00000104 00000210 00000393
00000000 ffffffff 00000000 0000000e 00000000 00000000 00000000 00000000
00000000 00000000 00000000 00000000 00000000 00000000 00000000 00000000
00000000 00000000 00000000 00000000 00000000 00000000 00000000 00000000
00000000 00000000 00000000 00000000 00000000 00000000 00000000 00000000
00000105 00000214 16771463
00000000 ffffffff 00000000 0000000e 00000000 00000000 00000000 00000000
00000000 00000000 00000000 00000000 00000000 00000000 00000000 00000000
00000000 00000000 00000000 00000000 00000000 00000000 00000000 00000000
00000000 00000000 00000000 00000000 00000000 00000000 00000000 00000000
00000106 00000218 00f00193
00000000 ffffffff 00000000 0000000f 00000000 00000000 00000000 00000000
00000000 00000000 00000000 00000000 00000000 00000000 00000000 00000000
00000000 00000000 00000000 00000000 00000000 00000000 00000000 00000000
00000000 00000000 00000000 00000000 00000000 00000000 00000000 00000000
00000107 0000021c fff00093
00000000 ffffffff 00000000 0000000f 00000000 00000000 00000000 00000000
00000000 00000000 00000000 00000000 00000000 00000000 00000000 00000000
00000000 00000000 00000000 00000000 00000000 00000000 00000000 00000000
00000000 00000000 00000000 00000000 00000000 00000000 00000000 00000000
00000108 00000220 fff08713
00000000 ffffffff 00000000 0000000f 00000000 00000000 00000000 00000000
00000000 00000000 00000000 00000000 00000000 00000000 fffffffe 00000000
00000000 00000000 00000000 00000000 00000000 00000000 00000000 00000000
00000000 00000000 00000000 00000000 00000000 00000000 00000000 00000000
00000109 00000224 ffe00393
00000000 ffffffff 00000000 0000000f 00000000 00000000 00000000 fffffffe
00000000 00000000 00000000 00000000 00000000 00000000 fffffffe 00000000
00000000 00000000 00000000 00000000 00000000 00000000 00000000 00000000
00000000 00000000 00000000 00000000 00000000 00000000 00000000 00000000
00000110 00000228 14771a63
00000000 ffffffff 00000000 0000000f 00000000 00000000 00000000 fffffffe
00000000 00000000 00000000 00000000 00000000 00000000 fffffffe 00000000
00000000 00000000 00000000 00000000 00000000 00000000 00000000 00000000
00000000 00000000 00000000 00000000 00000000 00000000 00000000 00000000
00000111 0000022c 01000193
00000000 ffffffff 00000000 00000010 00000000 00000000 00000000 fffffffe
00000000 00000000 00000000 00000000 00000000 00000000 fffffffe 00000000
00000000 00000000 00000000 00000000 00000000 00000000 00000000 00000000
00000000 00000000 00000000 00000000 00000000 00000000 00000000 00000000
00000112 00000230 800000b7
00000000 80000000 00000000 00000010 00000000 00000000 00000000 fffffffe
00000000 00000000 00000000 00000000 00000000 00000000 fffffffe 00000000
00000000 00000000 00000000 00000000 00000000 00000000 00000000 00000000
00000000 00000000 00000000 00000000 00000000 00000000 00000000 00000000
00000113 00000234 fff08093
00000000 7fffffff 00000000 00000010 00000000 00000000 00000000 fffffffe
00000000 00000000 00000000 00000000 00000000 00000000 fffffffe 00000000
00000000 00000000 00000000 00000000 00000000 00000000 00000000 00000000
00000000 00000000 00000000 00000000 00000000 00000000 00000000 00000000
00000114 00000238 00108713
00000000 7fffffff 00000000 00000010 00000000 00000000 00000000 fffffffe
00000000 00000000 00000000 00000000 00000000 00000000 80000000 00000000
00000000 00000000 00000000 00000000 00000000 00000000 00000000 00000000
00000000 00000000 00000000 00000000 00000000 00000000 00000000 00000000
00000115 0000023c 800003b7
00000000 7fffffff 00000000 00000010 00000000 00000000 00000000 80000000
00000000 00000000 00000000 00000000 00000000 00000000 80000000 00000000
00000000 00000000 00000000 00000000 00000000 00000000 00000000 00000000
00000000 00000000 00000000 00000000 00000000 00000000 00000000 00000000
00000116 00000240 12771e63
00000000 7fffffff 00000000 00000010 00000000 00000000 00000000 80000000
00000000 00000000 00000000 00000000 00000000 00000000 80000000 00000000
00000000 00000000 00000000 00000000 00000000 00000000 00000000 00000000
00000000 00000000 00000000 00000000 00000000 00000000 00000000 00000000
00000117 00000244 01100193
00000000 7fffffff 00000000 00000011 00000000 00000000 00000000 80000000
00000000 00000000 00000000 00000000 00000000 00000000 80000000 00000000
00000000 00000000 00000000 00000000 00000000 00000000 00000000 00000000
00000000 00000000 00000000 00000000 00000000 00000000 00000000 00000000
00000118 00000248 00d00093
00000000 0000000d 00000000 00000011 00000000 00000000 00000000 80000000
00000000 00000000 00000000 00000000 00000000 00000000 80000000 00000000
00000000 00000000 00000000 00000000 00000000 00000000 00000000 00000000
00000000 00000000 00000000 00000000 00000000 00000000 00000000 00000000
00000119 0000024c 00b08093
00000000 00000018 00000000 00000011 00000000 00000000 00000000 80000000
00000000 00000000 00000000 00000000 00000000 00000000 80000000 00000000
00000000 00000000 00000000 00000000 00000000 00000000 00000000 00000000
00000000 00000000 00000000 00000000 00000000 00000000 00000000 00000000
00000120 00000250 01800393
00000000 00000018 00000000 00000011 00000000 00000000 00000000 00000018
00000000 00000000 00000000 00000000 00000000 00000000 80000000 00000000
00000000 00000000 00000000 00000000 00000000 00000000 00000000 00000000
00000000 00000000 00000000 00000000 00000000 00000000 00000000 00000000
00000121 00000254 12709463
00000000 00000018 00000000 00000011 00000000 00000000 00000000 00000018
00000000 00000000 00000000 00000000 00000000 00000000 80000000 00000000
00000000 00000000 00000000 00000000 00000000 00000000 00000000 00000000
00000000 00000000 00000000 00000000 00000000 00000000 00000000 00000000
00000122 00000258 01200193
00000000 00000018 00000000 00000012 00000000 00000000 00000000 00000018
00000000 00000000 00000000 00000000 00000000 00000000 80000000 00000000
00000000 00000000 00000000 00000000 00000000 00000000 00000000 00000000
00000000 00000000 00000000 00000000 00000000 00000000 00000000 00000000
00000123 0000025c 00000213
00000000 00000018 00000000 00000012 00000000 00000000 00000000 00000018
00000000 00000000 00000000 00000000 00000000 00000000 80000000 00000000
00000000 00000000 00000000 00000000 00000000 00000000 00000000 00000000
00000000 00000000 00000000 00000000 00000000 00000000 00000000 00000000
00000124 00000260 00d00093
00000000 0000000d 00000000 00000012 00000000 00000000 00000000 00000018
00000000 00000000 00000000 00000000 00000000 00000000 80000000 00000000
00000000 00000000 00000000 00000000 00000000 00000000 00000000 00000000
00000000 00000000 00000000 00000000 00000000 00000000 00000000 00000000
00000125 00000264 00b08713
00000000 0000000d 00000000 00000012 00000000 00000000 00000000 00000018
00000000 00000000 00000000 00000000 00000000 00000000 00000018 00000000
00000000 00000000 00000000 00000000 00000000 00000000 00000000 00000000
00000000 00000000 00000000 00000000 00000000 00000000 00000000 00000000
00000126 00000268 00070313
00000000 0000000d 00000000 00000012 00000000 00000000 00000018 00000018
00000000 00000000 00000000 00000000 00000000 00000000 00000018 00000000
00000000 00000000 00000000 00000000 00000000 00000000 00000000 00000000
00000000 00000000 00000000 00000000 00000000 00000000 00000000 00000000
00000127 0000026c 00120213
00000000 0000000d 00000000 00000012 00000001 00000000 00000018 00000018
00000000 00000000 00000000 00000000 00000000 00000000 00000018 00000000
00000000 00000000 00000000 00000000 00000000 00000000 00000000 00000000
00000000 00000000 00000000 00000000 00000000 00000000 00000000 00000000
00000128 00000270 00200293
00000000 0000000d 00000000 00000012 00000001 00000002 00000018 00000018
00000000 00000000 00000000 00000000 00000000 00000000 00000018 00000000
00000000 00000000 00000000 00000000 00000000 00000000 00000000 00000000
00000000 00000000 00000000 00000000 00000000 00000000 00000000 00000000
00000129 00000274 fe5216e3
00000000 0000000d 00000000 00000012 00000001 00000002 00000018 00000018
00000000 00000000 00000000 00000000 00000000 00000000 00000018 00000000
00000000 00000000 00000000 00000000 00000000 00000000 00000000 00000000
00000000 00000000 00000000 00000000 00000000 00000000 00000000 00000000
00000130 00000260 00d00093
00000000 0000000d 00000000 00000012 00000001 00000002 00000018 00000018
00000000 00000000 00000000 00000000 00000000 00000000 00000018 00000000
00000000 00000000 00000000 00000000 00000000 00000000 00000000 00000000
00000000 00000000 00000000 00000000 00000000 00000000 00000000 00000000
00000131 00000264 00b08713
00000000 0000000d 00000000 00000012 00000001 00000002 00000018 00000018
00000000 00000000 00000000 00000000 00000000 00000000 00000018 00000000
00000000 00000000 00000000 00000000 00000000 00000000 00000000 00000000
00000000 00000000 00000000 00000000 00000000 00000000 00000000 00000000
00000132 00000268 00070313
00000000 0000000d 00000000 00000012 00000001 00000002 00000018 00000018
00000000 00000000 00000000 00000000 00000000 00000000 00000018 00000000
00000000 00000000 00000000 00000000 00000000 00000000 00000000 00000000
00000000 00000000 00000000 00000000 00000000 00000000 00000000 00000000
00000133 0000026c 00120213
00000000 0000000d 00000000 00000012 00000002 00000002 00000018 00000018
00000000 00000000 00000000 00000000 00000000 00000000 00000018 00000000
00000000 00000000 00000000 00000000 00000000 00000000 00000000 00000000
00000000 00000000 00000000 00000000 00000000 00000000 00000000 00000000
00000134 00000270 00200293
00000000 0000000d 00000000 00000012 00000002 00000002 00000018 00000018
00000000 00000000 00000000 00000000 00000000 00000000 00000018 00000000
00000000 00000000 00000000 00000000 00000000 00000000 00000000 00000000
00000000 00000000 00000000 00000000 00000000 00000000 00000000 00000000
00000135 00000274 fe5216e3
00000000 0000000d 00000000 00000012 00000002 00000002 00000018 00000018
00000000 00000000 00000000 00000000 00000000 00000000 00000018 00000000
00000000 00000000 00000000 00000000 00000000 00000000 00000000 00000000
00000000 00000000 00000000 00000000 00000000 00000000 00000000 00000000
00000136 00000278 01800393
00000000 0000000d 00000000 00000012 00000002 00000002 00000018 00000018
00000000 00000000 00000000 00000000 00000000 00000000 00000018 00000000
00000000 00000000 00000000 00000000 00000000 00000000 00000000 00000000
00000000 00000000 00000000 00000000 00000000 00000000 00000000 00000000
00000137 0000027c 10731063
00000000 0000000d 00000000 00000012 00000002 00000002 00000018 00000018
00000000 00000000 00000000 00000000 00000000 00000000 00000018 00000000
00000000 00000000 00000000 00000000 00000000 00000000 00000000 00000000
00000000 00000000 00000000 00000000 00000000 00000000 00000000 00000000
00000138 00000280 01300193
00000000 0000000d 00000000 00000013 00000002 00000002 00000018 00000018
00000000 00000000 00000000 00000000 00000000 00000000 00000018 00000000
00000000 00000000 00000000 00000000 00000000 00000000 00000000 00000000
00000000 00000000 00000000 00000000 00000000 00000000 00000000 00000000
00000139 00000284 00000213
00000000 0000000d 00000000 00000013 00000000 00000002 00000018 00000018
00000000 00000000 00000000 00000000 00000000 00000000 00000018 00000000
00000000 00000000 00000000 00000000 00000000 00000000 00000000 00000000
00000000 00000000 00000000 00000000 00000000 00000000 00000000 00000000
00000140 00000288 00d00093
00000000 0000000d 00000000 00000013 00000000 00000002 00000018 00000018
00000000 00000000 00000000 00000000 00000000 00000000 00000018 00000000
00000000 00000000 00000000 00000000 00000000 00000000 00000000 00000000
00000000 00000000 00000000 00000000 00000000 00000000 00000000 00000000
00000141 0000028c 00a08713
00000000 0000000d 00000000 00000013 00000000 00000002 00000018 00000018
00000000 00000000 00000000 00000000 00000000 00000000 00000017 00000000
00000000 00000000 00000000 00000000 00000000 00000000 00000000 00000000
00000000 00000000 00000000 00000000 00000000 00000000 00000000 00000000
00000142 00000290 00000013
00000000 0000000d 00000000 00000013 00000000 00000002 00000018 00000018
00000000 00000000 00000000 00000000 00000000 00000000 00000017 00000000
00000000 00000000 00000000 00000000 00000000 00000000 00000000 00000000
00000000 00000000 00000000 00000000 00000000 00000000 00000000 00000000
00000143 00000294 00070313
00000000 0000000d 00000000 00000013 00000000 00000002 00000017 00000018
00000000 00000000 00000000 00000000 00000000 00000000 00000017 00000000
00000000 00000000 00000000 00000000 00000000 00000000 00000000 00000000
00000000 00000000 00000000 00000000 00000000 00000000 00000000 00000000
00000144 00000298 00120213
00000000 0000000d 00000000 00000013 00000001 00000002 00000017 00000018
00000000 00000000 00000000 00000000 00000000 00000000 00000017 00000000
00000000 00000000 00000000 00000000 00000000 00000000 00000000 00000000
00000000 00000000 00000000 00000000 00000000 00000000 00000000 00000000
00000145 0000029c 00200293
00000000 0000000d 00000000 00000013 00000001 00000002 00000017 00000018
00000000 00000000 00000000 00000000 00000000 00000000 00000017 00000000
00000000 00000000 00000000 00000000 00000000 00000000 00000000 00000000
00000000 00000000 00000000 00000000 00000000 00000000 00000000 00000000
00000146 000002a0 fe5214e3
00000000 0000000d 00000000 00000013 00000001 00000002 00000017 00000018
00000000 00000000 00000000 00000000 00000000 00000000 00000017 00000000
00000000 00000000 00000000 00000000 00000000 00000000 00000000 00000000
00000000 00000000 00000000 00000000 00000000 00000000 00000000 00000000
00000147 00000288 00d00093
00000000 0000000d 00000000 00000013 00000001 00000002 00000017 00000018
00000000 00000000 00000000 00000000 00000000 00000000 00000017 00000000
00000000 00000000 00000000 00000000 00000000 00000000 00000000 00000000
00000000 00000000 00000000 00000000 00000000 00000000 00000000 00000000
00000148 0000028c 00a08713
00000000 0000000d 00000000 00000013 00000001 00000002 00000017 00000018
00000000 00000000 00000000 00000000 00000000 00000000 00000017 00000000
00000000 00000000 00000000 00000000 00000000 00000000 00000000 00000000
00000000 00000000 00000000 00000000 00000000 00000000 00000000 00000000
00000149 00000290 00000013
00000000 0000000d 00000000 00000013 00000001 00000002 00000017 00000018
00000000 00000000 00000000 00000000 00000000 00000000 00000017 00000000
00000000 00000000 00000000 00000000 00000000 00000000 00000000 00000000
00000000 00000000 00000000 00000000 00000000 00000000 00000000 00000000
00000150 00000294 00070313
00000000 0000000d 00000000 00000013 00000001 00000002 00000017 00000018
00000000 00000000 00000000 00000000 00000000 00000000 00000017 00000000
00000000 00000000 00000000 00000000 00000000 00000000 00000000 00000000
00000000 00000000 00000000 00000000 00000000 00000000 00000000 00000000
00000151 00000298 00120213
00000000 0000000d 00000000 00000013 00000002 00000002 00000017 00000018
00000000 00000000 00000000 00000000 00000000 00000000 00000017 00000000
00000000 00000000 00000000 00000000 00000000 00000000 00000000 00000000
00000000 00000000 00000000 00000000 00000000 00000000 00000000 00000000
00000152 0000029c 00200293
00000000 0000000d 00000000 00000013 00000002 00000002 00000017 00000018
00000000 00000000 00000000 00000000 00000000 00000000 00000017 00000000
00000000 00000000 00000000 00000000 00000000 00000000 00000000 00000000
00000000 00000000 00000000 00000000 00000000 00000000 00000000 00000000
00000153 000002a0 fe5214e3
00000000 0000000d 00000000 00000013 00000002 00000002 00000017 00000018
00000000 00000000 00000000 00000000 00000000 00000000 00000017 00000000
00000000 00000000 00000000 00000000 00000000 00000000 00000000 00000000
00000000 00000000 00000000 00000000 00000000 00000000 00000000 00000000
00000154 000002a4 01700393
00000000 0000000d 00000000 00000013 00000002 00000002 00000017 00000017
00000000 00000000 00000000 00000000 00000000 00000000 00000017 00000000
00000000 00000000 00000000 00000000 00000000 00000000 00000000 00000000
00000000 00000000 00000000 00000000 00000000 00000000 00000000 00000000
00000155 000002a8 0c731a63
00000000 0000000d 00000000 00000013 00000002 00000002 00000017 00000017
00000000 00000000 00000000 00000000 00000000 00000000 00000017 00000000
00000000 00000000 00000000 00000000 00000000 00000000 00000000 00000000
00000000 00000000 00000000 00000000 00000000 00000000 00000000 00000000
00000156 000002ac 01400193
00000000 0000000d 00000000 00000014 00000002 00000002 00000017 00000017
00000000 00000000 00000000 00000000 00000000 00000000 00000017 00000000
00000000 00000000 00000000 00000000 00000000 00000000 00000000 00000000
00000000 00000000 00000000 00000000 00000000 00000000 00000000 00000000
00000157 000002b0 00000213
00000000 0000000d 00000000 00000014 00000000 00000002 00000017 00000017
00000000 00000000 00000000 00000000 00000000 00000000 00000017 00000000
00000000 00000000 00000000 00000000 00000000 00000000 00000000 00000000
00000000 00000000 00000000 00000000 00000000 00000000 00000000 00000000
00000158 000002b4 00d00093
00000000 0000000d 00000000 00000014 00000000 00000002 00000017 00000017
00000000 00000000 00000000 00000000 00000000 00000000 00000017 00000000
00000000 00000000 00000000 00000000 00000000 00000000 00000000 00000000
00000000 00000000 00000000 00000000 00000000 00000000 00000000 00000000
00000159 000002b8 00908713
00000000 0000000d 00000000 00000014 00000000 00000002 00000017 00000017
00000000 00000000 00000000 00000000 00000000 00000000 00000016 00000000
00000000 00000000 00000000 00000000 00000000 00000000 00000000 00000000
00000000 00000000 00000000 00000000 00000000 00000000 00000000 00000000
00000160 000002bc 00000013
00000000 0000000d 00000000 00000014 00000000 00000002 00000017 00000017
00000000 00000000 00000000 00000000 00000000 00000000 00000016 00000000
00000000 00000000 00000000 00000000 00000000 00000000 00000000 00000000
00000000 00000000 00000000 00000000 00000000 00000000 00000000 00000000
00000161 000002c0 00000013
00000000 0000000d 00000000 00000014 00000000 00000002 00000017 00000017
00000000 00000000 00000000 00000000 00000000 00000000 00000016 00000000
00000000 00000000 00000000 00000000 00000000 00000000 00000000 00000000
00000000 00000000 00000000 00000000 00000000 00000000 00000000 00000000
00000162 000002c4 00070313
00000000 0000000d 00000000 00000014 00000000 00000002 00000016 00000017
00000000 00000000 00000000 00000000 00000000 00000000 00000016 00000000
00000000 00000000 00000000 00000000 00000000 00000000 00000000 00000000
00000000 00000000 00000000 00000000 00000000 00000000 00000000 00000000
00000163 000002c8 00120213
00000000 0000000d 00000000 00000014 00000001 00000002 00000016 00000017
00000000 00000000 00000000 00000000 00000000 00000000 00000016 00000000
00000000 00000000 00000000 00000000 00000000 00000000 00000000 00000000
00000000 00000000 00000000 00000000 00000000 00000000 00000000 00000000
00000164 000002cc 00200293
00000000 0000000d 00000000 00000014 00000001 00000002 00000016 00000017
00000000 00000000 00000000 00000000 00000000 00000000 00000016 00000000
00000000 00000000 00000000 00000000 00000000 00000000 00000000 00000000
00000000 00000000 00000000 00000000 00000000 00000000 00000000 00000000
00000165 000002d0 fe5212e3
00000000 0000000d 00000000 00000014 00000001 00000002 00000016 00000017
00000000 00000000 00000000 00000000 00000000 00000000 00000016 00000000
00000000 00000000 00000000 00000000 00000000 00000000 00000000 00000000
00000000 00000000 00000000 00000000 00000000 00000000 00000000 00000000
00000166 000002b4 00d00093
00000000 0000000d 00000000 00000014 00000001 00000002 00000016 00000017
00000000 00000000 00000000 00000000 00000000 00000000 00000016 00000000
00000000 00000000 00000000 00000000 00000000 00000000 00000000 00000000
00000000 00000000 00000000 00000000 00000000 00000000 00000000 00000000
00000167 000002b8 00908713
00000000 0000000d 00000000 00000014 00000001 00000002 00000016 00000017
00000000 00000000 00000000 00000000 00000000 00000000 00000016 00000000
00000000 00000000 00000000 00000000 00000000 00000000 00000000 00000000
00000000 00000000 00000000 00000000 00000000 00000000 00000000 00000000
00000168 000002bc 00000013
00000000 0000000d 00000000 00000014 00000001 00000002 00000016 00000017
00000000 00000000 00000000 00000000 00000000 00000000 00000016 00000000
00000000 00000000 00000000 00000000 00000000 00000000 00000000 00000000
00000000 00000000 00000000 00000000 00000000 00000000 00000000 00000000
00000169 000002c0 00000013
00000000 0000000d 00000000 00000014 00000001 00000002 00000016 00000017
00000000 00000000 00000000 00000000 00000000 00000000 00000016 00000000
00000000 00000000 00000000 00000000 00000000 00000000 00000000 00000000
00000000 00000000 00000000 00000000 00000000 00000000 00000000 00000000
00000170 000002c4 00070313
00000000 0000000d 00000000 00000014 00000001 00000002 00000016 00000017
00000000 00000000 00000000 00000000 00000000 00000000 00000016 00000000
00000000 00000000 00000000 00000000 00000000 00000000 00000000 00000000
00000000 00000000 00000000 00000000 00000000 00000000 00000000 00000000
00000171 000002c8 00120213
00000000 0000000d 00000000 00000014 00000002 00000002 00000016 00000017
00000000 00000000 00000000 00000000 00000000 00000000 00000016 00000000
00000000 00000000 00000000 00000000 00000000 00000000 00000000 00000000
00000000 00000000 00000000 00000000 00000000 00000000 00000000 00000000
00000172 000002cc 00200293
00000000 0000000d 00000000 00000014 00000002 00000002 00000016 00000017
00000000 00000000 00000000 00000000 00000000 00000000 00000016 00000000
00000000 00000000 00000000 00000000 00000000 00000000 00000000 00000000
00000000 00000000 00000000 00000000 00000000 00000000 00000000 00000000
00000173 000002d0 fe5212e3
00000000 0000000d 00000000 00000014 00000002 00000002 00000016 00000017
00000000 00000000 00000000 00000000 00000000 00000000 00000016 00000000
00000000 00000000 00000000 00000000 00000000 00000000 00000000 00000000
00000000 00000000 00000000 00000000 00000000 00000000 00000000 00000000
00000174 000002d4 01600393
00000000 0000000d 00000000 00000014 00000002 00000002 00000016 00000016
00000000 00000000 00000000 00000000 00000000 00000000 00000016 00000000
00000000 00000000 00000000 00000000 00000000 00000000 00000000 00000000
00000000 00000000 00000000 00000000 00000000 00000000 00000000 00000000
00000175 000002d8 0a731263
00000000 0000000d 00000000 00000014 00000002 00000002 00000016 00000016
00000000 00000000 00000000 00000000 00000000 00000000 00000016 00000000
00000000 00000000 00000000 00000000 00000000 00000000 00000000 00000000
00000000 00000000 00000000 00000000 00000000 00000000 00000000 00000000
00000176 000002dc 01500193
00000000 0000000d 00000000 00000015 00000002 00000002 00000016 00000016
00000000 00000000 00000000 00000000 00000000 00000000 00000016 00000000
00000000 00000000 00000000 00000000 00000000 00000000 00000000 00000000
00000000 00000000 00000000 00000000 00000000 00000000 00000000 00000000
00000177 000002e0 00000213
00000000 0000000d 00000000 00000015 00000000 00000002 00000016 00000016
00000000 00000000 00000000 00000000 00000000 00000000 00000016 00000000
00000000 00000000 00000000 00000000 00000000 00000000 00000000 00000000
00000000 00000000 00000000 00000000 00000000 00000000 00000000 00000000
00000178 000002e4 00d00093
00000000 0000000d 00000000 00000015 00000000 00000002 00000016 00000016
00000000 00000000 00000000 00000000 00000000 00000000 00000016 00000000
00000000 00000000 00000000 00000000 00000000 00000000 00000000 00000000
00000000 00000000 00000000 00000000 00000000 00000000 00000000 00000000
00000179 000002e8 00b08713
00000000 0000000d 00000000 00000015 00000000 00000002 00000016 00000016
00000000 00000000 00000000 00000000 00000000 00000000 00000018 00000000
00000000 00000000 00000000 00000000 00000000 00000000 00000000 00000000
00000000 00000000 00000000 00000000 00000000 00000000 00000000 00000000
00000180 000002ec 00120213
00000000 0000000d 00000000 00000015 00000001 00000002 00000016 00000016
00000000 00000000 00000000 00000000 00000000 00000000 00000018 00000000
00000000 00000000 00000000 00000000 00000000 00000000 00000000 00000000
00000000 00000000 00000000 00000000 00000000 00000000 00000000 00000000
00000181 000002f0 00200293
00000000 0000000d 00000000 00000015 00000001 00000002 00000016 00000016
00000000 00000000 00000000 00000000 00000000 00000000 00000018 00000000
00000000 00000000 00000000 00000000 00000000 00000000 00000000 00000000
00000000 00000000 00000000 00000000 00000000 00000000 00000000 00000000
00000182 000002f4 fe5218e3
00000000 0000000d 00000000 00000015 00000001 00000002 00000016 00000016
00000000 00000000 00000000 00000000 00000000 00000000 00000018 00000000
00000000 00000000 00000000 00000000 00000000 00000000 00000000 00000000
00000000 00000000 00000000 00000000 00000000 00000000 00000000 00000000
00000183 000002e4 00d00093
00000000 0000000d 00000000 00000015 00000001 00000002 00000016 00000016
00000000 00000000 00000000 00000000 00000000 00000000 00000018 00000000
00000000 00000000 00000000 00000000 00000000 00000000 00000000 00000000
00000000 00000000 00000000 00000000 00000000 00000000 00000000 00000000
00000184 000002e8 00b08713
00000000 0000000d 00000000 00000015 00000001 00000002 00000016 00000016
00000000 00000000 00000000 00000000 00000000 00000000 00000018 00000000
00000000 00000000 00000000 00000000 00000000 00000000 00000000 00000000
00000000 00000000 00000000 00000000 00000000 00000000 00000000 00000000
00000185 000002ec 00120213
00000000 0000000d 00000000 00000015 00000002 00000002 00000016 00000016
00000000 00000000 00000000 00000000 00000000 00000000 00000018 00000000
00000000 00000000 00000000 00000000 00000000 00000000 00000000 00000000
00000000 00000000 00000000 00000000 00000000 00000000 00000000 00000000
00000186 000002f0 00200293
00000000 0000000d 00000000 00000015 00000002 00000002 00000016 00000016
00000000 00000000 00000000 00000000 00000000 00000000 00000018 00000000
00000000 00000000 00000000 00000000 00000000 00000000 00000000 00000000
00000000 00000000 00000000 00000000 00000000 00000000 00000000 00000000
00000187 000002f4 fe5218e3
00000000 0000000d 00000000 00000015 00000002 00000002 00000016 00000016
00000000 00000000 00000000 00000000 00000000 00000000 00000018 00000000
00000000 00000000 00000000 00000000 00000000 00000000 00000000 00000000
00000000 00000000 00000000 00000000 00000000 00000000 00000000 00000000
00000188 000002f8 01800393
00000000 0000000d 00000000 00000015 00000002 00000002 00000016 00000018
00000000 00000000 00000000 00000000 00000000 00000000 00000018 00000000
00000000 00000000 00000000 00000000 00000000 00000000 00000000 00000000
00000000 00000000 00000000 00000000 00000000 00000000 00000000 00000000
00000189 000002fc 08771063
00000000 0000000d 00000000 00000015 00000002 00000002 00000016 00000018
00000000 00000000 00000000 00000000 00000000 00000000 00000018 00000000
00000000 00000000 00000000 00000000 00000000 00000000 00000000 00000000
00000000 00000000 00000000 00000000 00000000 00000000 00000000 00000000
00000190 00000300 01600193
00000000 0000000d 00000000 00000016 00000002 00000002 00000016 00000018
00000000 00000000 00000000 00000000 00000000 00000000 00000018 00000000
00000000 00000000 00000000 00000000 00000000 00000000 00000000 00000000
00000000 00000000 00000000 00000000 00000000 00000000 00000000 00000000
00000191 00000304 00000213
00000000 0000000d 00000000 00000016 00000000 00000002 00000016 00000018
00000000 00000000 00000000 00000000 00000000 00000000 00000018 00000000
00000000 00000000 00000000 00000000 00000000 00000000 00000000 00000000
00000000 00000000 00000000 00000000 00000000 00000000 00000000 00000000
00000192 00000308 00d00093
00000000 0000000d 00000000 00000016 00000000 00000002 00000016 00000018
00000000 00000000 00000000 00000000 00000000 00000000 00000018 00000000
00000000 00000000 00000000 00000000 00000000 00000000 00000000 00000000
00000000 00000000 00000000 00000000 00000000 00000000 00000000 00000000
00000193 0000030c 00000013
00000000 0000000d 00000000 00000016 00000000 00000002 00000016 00000018
00000000 00000000 00000000 00000000 00000000 00000000 00000018 00000000
00000000 00000000 00000000 00000000 00000000 00000000 00000000 00000000
00000000 00000000 00000000 00000000 00000000 00000000 00000000 00000000
00000194 00000310 00a08713
00000000 0000000d 00000000 00000016 00000000 00000002 00000016 00000018
00000000 00000000 00000000 00000000 00000000 00000000 00000017 00000000
00000000 00000000 00000000 00000000 00000000 00000000 00000000 00000000
00000000 00000000 00000000 00000000 00000000 00000000 00000000 00000000
00000195 00000314 00120213
00000000 0000000d 00000000 00000016 00000001 00000002 00000016 00000018
00000000 00000000 00000000 00000000 00000000 00000000 00000017 00000000
00000000 00000000 00000000 00000000 00000000 00000000 00000000 00000000
00000000 00000000 00000000 00000000 00000000 00000000 00000000 00000000
00000196 00000318 00200293
00000000 0000000d 00000000 00000016 00000001 00000002 00000016 00000018
00000000 00000000 00000000 00000000 00000000 00000000 00000017 00000000
00000000 00000000 00000000 00000000 00000000 00000000 00000000 00000000
00000000 00000000 00000000 00000000 00000000 00000000 00000000 00000000
00000197 0000031c fe5216e3
00000000 0000000d 00000000 00000016 00000001 00000002 00000016 00000018
00000000 00000000 00000000 00000000 00000000 00000000 00000017 00000000
00000000 00000000 00000000 00000000 00000000 00000000 00000000 00000000
00000000 00000000 00000000 00000000 00000000 00000000 00000000 00000000
00000198 00000308 00d00093
00000000 0000000d 00000000 00000016 00000001 00000002 00000016 00000018
00000000 00000000 00000000 00000000 00000000 00000000 00000017 00000000
00000000 00000000 00000000 00000000 00000000 00000000 00000000 00000000
00000000 00000000 00000000 00000000 00000000 00000000 00000000 00000000
00000199 0000030c 00000013
00000000 0000000d 00000000 00000016 00000001 00000002 00000016 00000018
00000000 00000000 00000000 00000000 00000000 00000000 00000017 00000000
00000000 00000000 00000000 00000000 00000000 00000000 00000000 00000000
00000000 00000000 00000000 00000000 00000000 00000000 00000000 00000000
00000200 00000310 00a08713
00000000 0000000d 00000000 00000016 00000001 00000002 00000016 00000018
00000000 00000000 00000000 00000000 00000000 00000000 00000017 00000000
00000000 00000000 00000000 00000000 00000000 00000000 00000000 00000000
00000000 00000000 00000000 00000000 00000000 00000000 00000000 00000000
00000201 00000314 00120213
00000000 0000000d 00000000 00000016 00000002 00000002 00000016 00000018
00000000 00000000 00000000 00000000 00000000 00000000 00000017 00000000
00000000 00000000 00000000 00000000 00000000 00000000 00000000 00000000
00000000 00000000 00000000 00000000 00000000 00000000 00000000 00000000
00000202 00000318 00200293
00000000 0000000d 00000000 00000016 00000002 00000002 00000016 00000018
00000000 00000000 00000000 00000000 00000000 00000000 00000017 00000000
00000000 00000000 00000000 00000000 00000000 00000000 00000000 00000000
00000000 00000000 00000000 00000000 00000000 00000000 00000000 00000000
00000203 0000031c fe5216e3
00000000 0000000d 00000000 00000016 00000002 00000002 00000016 00000018
00000000 00000000 00000000 00000000 00000000 00000000 00000017 00000000
00000000 00000000 00000000 00000000 00000000 00000000 00000000 00000000
00000000 00000000 00000000 00000000 00000000 00000000 00000000 00000000
00000204 00000320 01700393
00000000 0000000d 00000000 00000016 00000002 00000002 00000016 00000017
00000000 00000000 00000000 00000000 00000000 00000000 00000017 00000000
00000000 00000000 00000000 00000000 00000000 00000000 00000000 00000000
00000000 00000000 00000000 00000000 00000000 00000000 00000000 00000000
00000205 00000324 04771c63
00000000 0000000d 00000000 00000016 00000002 00000002 00000016 00000017
00000000 00000000 00000000 00000000 00000000 00000000 00000017 00000000
00000000 00000000 00000000 00000000 00000000 00000000 00000000 00000000
00000000 00000000 00000000 00000000 00000000 00000000 00000000 00000000
00000206 00000328 01700193
00000000 0000000d 00000000 00000017 00000002 00000002 00000016 00000017
00000000 00000000 00000000 00000000 00000000 00000000 00000017 00000000
00000000 00000000 00000000 00000000 00000000 00000000 00000000 00000000
00000000 00000000 00000000 00000000 00000000 00000000 00000000 00000000
00000207 0000032c 00000213
00000000 0000000d 00000000 00000017 00000000 00000002 00000016 00000017
00000000 00000000 00000000 00000000 00000000 00000000 00000017 00000000
00000000 00000000 00000000 00000000 00000000 00000000 00000000 00000000
00000000 00000000 00000000 00000000 00000000 00000000 00000000 00000000
00000208 00000330 00d00093
00000000 0000000d 00000000 00000017 00000000 00000002 00000016 00000017
00000000 00000000 00000000 00000000 00000000 00000000 00000017 00000000
00000000 00000000 00000000 00000000 00000000 00000000 00000000 00000000
00000000 00000000 00000000 00000000 00000000 00000000 00000000 00000000
00000209 00000334 00000013
00000000 0000000d 00000000 00000017 00000000 00000002 00000016 00000017
00000000 00000000 00000000 00000000 00000000 00000000 00000017 00000000
00000000 00000000 00000000 00000000 00000000 00000000 00000000 00000000
00000000 00000000 00000000 00000000 00000000 00000000 00000000 00000000
00000210 00000338 00000013
00000000 0000000d 00000000 00000017 00000000 00000002 00000016 00000017
00000000 00000000 00000000 00000000 00000000 00000000 00000017 00000000
00000000 00000000 00000000 00000000 00000000 00000000 00000000 00000000
00000000 00000000 00000000 00000000 00000000 00000000 00000000 00000000
00000211 0000033c 00908713
00000000 0000000d 00000000 00000017 00000000 00000002 00000016 00000017
00000000 00000000 00000000 00000000 00000000 00000000 00000016 00000000
00000000 00000000 00000000 00000000 00000000 00000000 00000000 00000000
00000000 00000000 00000000 00000000 00000000 00000000 00000000 00000000
00000212 00000340 00120213
00000000 0000000d 00000000 00000017 00000001 00000002 00000016 00000017
00000000 00000000 00000000 00000000 00000000 00000000 00000016 00000000
00000000 00000000 00000000 00000000 00000000 00000000 00000000 00000000
00000000 00000000 00000000 00000000 00000000 00000000 00000000 00000000
00000213 00000344 00200293
00000000 0000000d 00000000 00000017 00000001 00000002 00000016 00000017
00000000 00000000 00000000 00000000 00000000 00000000 00000016 00000000
00000000 00000000 00000000 00000000 00000000 00000000 00000000 00000000
00000000 00000000 00000000 00000000 00000000 00000000 00000000 00000000
00000214 00000348 fe5214e3
00000000 0000000d 00000000 00000017 00000001 00000002 00000016 00000017
00000000 00000000 00000000 00000000 00000000 00000000 00000016 00000000
00000000 00000000 00000000 00000000 00000000 00000000 00000000 00000000
00000000 00000000 00000000 00000000 00000000 00000000 00000000 00000000
00000215 00000330 00d00093
00000000 0000000d 00000000 00000017 00000001 00000002 00000016 00000017
00000000 00000000 00000000 00000000 00000000 00000000 00000016 00000000
00000000 00000000 00000000 00000000 00000000 00000000 00000000 00000000
00000000 00000000 00000000 00000000 00000000 00000000 00000000 00000000
00000216 00000334 00000013
00000000 0000000d 00000000 00000017 00000001 00000002 00000016 00000017
00000000 00000000 00000000 00000000 00000000 00000000 00000016 00000000
00000000 00000000 00000000 00000000 00000000 00000000 00000000 00000000
00000000 00000000 00000000 00000000 00000000 00000000 00000000 00000000
00000217 00000338 00000013
00000000 0000000d 00000000 00000017 00000001 00000002 00000016 00000017
00000000 00000000 00000000 00000000 00000000 00000000 00000016 00000000
00000000 00000000 00000000 00000000 00000000 00000000 00000000 00000000
00000000 00000000 00000000 00000000 00000000 00000000 00000000 00000000
00000218 0000033c 00908713
00000000 0000000d 00000000 00000017 00000001 00000002 00000016 00000017
00000000 00000000 00000000 00000000 00000000 00000000 00000016 00000000
00000000 00000000 00000000 00000000 00000000 00000000 00000000 00000000
00000000 00000000 00000000 00000000 00000000 00000000 00000000 00000000
00000219 00000340 00120213
00000000 0000000d 00000000 00000017 00000002 00000002 00000016 00000017
00000000 00000000 00000000 00000000 00000000 00000000 00000016 00000000
00000000 00000000 00000000 00000000 00000000 00000000 00000000 00000000
00000000 00000000 00000000 00000000 00000000 00000000 00000000 00000000
00000220 00000344 00200293
00000000 0000000d 00000000 00000017 00000002 00000002 00000016 00000017
00000000 00000000 00000000 00000000 00000000 00000000 00000016 00000000
00000000 00000000 00000000 00000000 00000000 00000000 00000000 00000000
00000000 00000000 00000000 00000000 00000000 00000000 00000000 00000000
00000221 00000348 fe5214e3
00000000 0000000d 00000000 00000017 00000002 00000002 00000016 00000017
00000000 00000000 00000000 00000000 00000000 00000000 00000016 00000000
00000000 00000000 00000000 00000000 00000000 00000000 00000000 00000000
00000000 00000000 00000000 00000000 00000000 00000000 00000000 00000000
00000222 0000034c 01600393
00000000 0000000d 00000000 00000017 00000002 00000002 00000016 00000016
00000000 00000000 00000000 00000000 00000000 00000000 00000016 00000000
00000000 00000000 00000000 00000000 00000000 00000000 00000000 00000000
00000000 00000000 00000000 00000000 00000000 00000000 00000000 00000000
00000223 00000350 02771663
00000000 0000000d 00000000 00000017 00000002 00000002 00000016 00000016
00000000 00000000 00000000 00000000 00000000 00000000 00000016 00000000
00000000 00000000 00000000 00000000 00000000 00000000 00000000 00000000
00000000 00000000 00000000 00000000 00000000 00000000 00000000 00000000
00000224 00000354 01800193
00000000 0000000d 00000000 00000018 00000002 00000002 00000016 00000016
00000000 00000000 00000000 00000000 00000000 00000000 00000016 00000000
00000000 00000000 00000000 00000000 00000000 00000000 00000000 00000000
00000000 00000000 00000000 00000000 00000000 00000000 00000000 00000000
00000225 00000358 02000093
00000000 00000020 00000000 00000018 00000002 00000002 00000016 00000016
00000000 00000000 00000000 00000000 00000000 00000000 00000016 00000000
00000000 00000000 00000000 00000000 00000000 00000000 00000000 00000000
00000000 00000000 00000000 00000000 00000000 00000000 00000000 00000000
00000226 0000035c 02000393
00000000 00000020 00000000 00000018 00000002 00000002 00000016 00000020
00000000 00000000 00000000 00000000 00000000 00000000 00000016 00000000
00000000 00000000 00000000 00000000 00000000 00000000 00000000 00000000
00000000 00000000 00000000 00000000 00000000 00000000 00000000 00000000
00000227 00000360 00709e63
00000000 00000020 00000000 00000018 00000002 00000002 00000016 00000020
00000000 00000000 00000000 00000000 00000000 00000000 00000016 00000000
00000000 00000000 00000000 00000000 00000000 00000000 00000000 00000000
00000000 00000000 00000000 00000000 00000000 00000000 00000000 00000000
00000228 00000364 01900193
00000000 00000020 00000000 00000019 00000002 00000002 00000016 00000020
00000000 00000000 00000000 00000000 00000000 00000000 00000016 00000000
00000000 00000000 00000000 00000000 00000000 00000000 00000000 00000000
00000000 00000000 00000000 00000000 00000000 00000000 00000000 00000000
00000229 00000368 02100093
00000000 00000021 00000000 00000019 00000002 00000002 00000016 00000020
00000000 00000000 00000000 00000000 00000000 00000000 00000016 00000000
00000000 00000000 00000000 00000000 00000000 00000000 00000000 00000000
00000000 00000000 00000000 00000000 00000000 00000000 00000000 00000000
00000230 0000036c 03208013
00000000 00000021 00000000 00000019 00000002 00000002 00000016 00000020
00000000 00000000 00000000 00000000 00000000 00000000 00000016 00000000
00000000 00000000 00000000 00000000 00000000 00000000 00000000 00000000
00000000 00000000 00000000 00000000 00000000 00000000 00000000 00000000
00000231 00000370 00000393
00000000 00000021 00000000 00000019 00000002 00000002 00000016 00000000
00000000 00000000 00000000 00000000 00000000 00000000 00000016 00000000
00000000 00000000 00000000 00000000 00000000 00000000 00000000 00000000
00000000 00000000 00000000 00000000 00000000 00000000 00000000 00000000
00000232 00000374 00701463
00000000 00000021 00000000 00000019 00000002 00000002 00000016 00000000
00000000 00000000 00000000 00000000 00000000 00000000 00000016 00000000
00000000 00000000 00000000 00000000 00000000 00000000 00000000 00000000
00000000 00000000 00000000 00000000 00000000 00000000 00000000 00000000
00000233 00000378 02301063
00000000 00000021 00000000 00000019 00000002 00000002 00000016 00000000
00000000 00000000 00000000 00000000 00000000 00000000 00000016 00000000
00000000 00000000 00000000 00000000 00000000 00000000 00000000 00000000
00000000 00000000 00000000 00000000 00000000 00000000 00000000 00000000
00000234 00000398 40000513
00000000 00000021 00000000 00000019 00000002 00000002 00000016 00000000
00000000 00000000 00000400 00000000 00000000 00000000 00000016 00000000
00000000 00000000 00000000 00000000 00000000 00000000 00000000 00000000
00000000 00000000 00000000 00000000 00000000 00000000 00000000 00000000
00000235 0000039c c79ff0ef
00000000 000003a0 00000000 00000019 00000002 00000002 00000016 00000000
00000000 00000000 00000400 00000000 00000000 00000000 00000016 00000000
00000000 00000000 00000000 00000000 00000000 00000000 00000000 00000000
00000000 00000000 00000000 00000000 00000000 00000000 00000000 00000000
00000236 00000014 40008337
00000000 000003a0 00000000 00000019 00000002 00000002 40008000 00000000
00000000 00000000 00000400 00000000 00000000 00000000 00000016 00000000
00000000 00000000 00000000 00000000 00000000 00000000 00000000 00000000
00000000 00000000 00000000 00000000 00000000 00000000 00000000 00000000
00000237 00000018 000102b7
00000000 000003a0 00000000 00000019 00000002 00010000 40008000 00000000
00000000 00000000 00000400 00000000 00000000 00000000 00000016 00000000
00000000 00000000 00000000 00000000 00000000 00000000 00000000 00000000
00000000 00000000 00000000 00000000 00000000 00000000 00000000 00000000
00000238 0000001c 00054383
00000000 000003a0 00000000 00000019 00000002 00010000 40008000 00000063
00000000 00000000 00000400 00000000 00000000 00000000 00000016 00000000
00000000 00000000 00000000 00000000 00000000 00000000 00000000 00000000
00000000 00000000 00000000 00000000 00000000 00000000 00000000 00000000
00000239 00000020 00038a63
00000000 000003a0 00000000 00000019 00000002 00010000 40008000 00000063
00000000 00000000 00000400 00000000 00000000 00000000 00000016 00000000
00000000 00000000 00000000 00000000 00000000 00000000 00000000 00000000
00000000 00000000 00000000 00000000 00000000 00000000 00000000 00000000
00000240 00000024 0053e3b3
00000000 000003a0 00000000 00000019 00000002 00010000 40008000 00010063
00000000 00000000 00000400 00000000 00000000 00000000 00000016 00000000
00000000 00000000 00000000 00000000 00000000 00000000 00000000 00000000
00000000 00000000 00000000 00000000 00000000 00000000 00000000 00000000
00000241 00000028 00732023
00000000 000003a0 00000000 00000019 00000002 00010000 40008000 00010063
00000000 00000000 00000400 00000000 00000000 00000000 00000016 00000000
00000000 00000000 00000000 00000000 00000000 00000000 00000000 00000000
00000000 00000000 00000000 00000000 00000000 00000000 00000000 00000000
00000242 0000002c 00150513
00000000 000003a0 00000000 00000019 00000002 00010000 40008000 00010063
00000000 00000000 00000401 00000000 00000000 00000000 00000016 00000000
00000000 00000000 00000000 00000000 00000000 00000000 00000000 00000000
00000000 00000000 00000000 00000000 00000000 00000000 00000000 00000000
00000243 00000030 fedff06f
00000000 000003a0 00000000 00000019 00000002 00010000 40008000 00010063
00000000 00000000 00000401 00000000 00000000 00000000 00000016 00000000
00000000 00000000 00000000 00000000 00000000 00000000 00000000 00000000
00000000 00000000 00000000 00000000 00000000 00000000 00000000 00000000
00000244 0000001c 00054383
00000000 000003a0 00000000 00000019 00000002 00010000 40008000 0000006f
00000000 00000000 00000401 00000000 00000000 00000000 00000016 00000000
00000000 00000000 00000000 00000000 00000000 00000000 00000000 00000000
00000000 00000000 00000000 00000000 00000000 00000000 00000000 00000000
00000245 00000020 00038a63
00000000 000003a0 00000000 00000019 00000002 00010000 40008000 0000006f
00000000 00000000 00000401 00000000 00000000 00000000 00000016 00000000
00000000 00000000 00000000 00000000 00000000 00000000 00000000 00000000
00000000 00000000 00000000 00000000 00000000 00000000 00000000 00000000
00000246 00000024 0053e3b3
00000000 000003a0 00000000 00000019 00000002 00010000 40008000 0001006f
00000000 00000000 00000401 00000000 00000000 00000000 00000016 00000000
00000000 00000000 00000000 00000000 00000000 00000000 00000000 00000000
00000000 00000000 00000000 00000000 00000000 00000000 00000000 00000000
00000247 00000028 00732023
00000000 000003a0 00000000 00000019 00000002 00010000 40008000 0001006f
00000000 00000000 00000401 00000000 00000000 00000000 00000016 00000000
00000000 00000000 00000000 00000000 00000000 00000000 00000000 00000000
00000000 00000000 00000000 00000000 00000000 00000000 00000000 00000000
00000248 0000002c 00150513
00000000 000003a0 00000000 00000019 00000002 00010000 40008000 0001006f
00000000 00000000 00000402 00000000 00000000 00000000 00000016 00000000
00000000 00000000 00000000 00000000 00000000 00000000 00000000 00000000
00000000 00000000 00000000 00000000 00000000 00000000 00000000 00000000
00000249 00000030 fedff06f
00000000 000003a0 00000000 00000019 00000002 00010000 40008000 0001006f
00000000 00000000 00000402 00000000 00000000 00000000 00000016 00000000
00000000 00000000 00000000 00000000 00000000 00000000 00000000 00000000
00000000 00000000 00000000 00000000 00000000 00000000 00000000 00000000
00000250 0000001c 00054383
00000000 000003a0 00000000 00000019 00000002 00010000 40008000 00000072
00000000 00000000 00000402 00000000 00000000 00000000 00000016 00000000
00000000 00000000 00000000 00000000 00000000 00000000 00000000 00000000
00000000 00000000 00000000 00000000 00000000 00000000 00000000 00000000
00000251 00000020 00038a63
00000000 000003a0 00000000 00000019 00000002 00010000 40008000 00000072
00000000 00000000 00000402 00000000 00000000 00000000 00000016 00000000
00000000 00000000 00000000 00000000 00000000 00000000 00000000 00000000
00000000 00000000 00000000 00000000 00000000 00000000 00000000 00000000
00000252 00000024 0053e3b3
00000000 000003a0 00000000 00000019 00000002 00010000 40008000 00010072
00000000 00000000 00000402 00000000 00000000 00000000 00000016 00000000
00000000 00000000 00000000 00000000 00000000 00000000 00000000 00000000
00000000 00000000 00000000 00000000 00000000 00000000 00000000 00000000
00000253 00000028 00732023
00000000 000003a0 00000000 00000019 00000002 00010000 40008000 00010072
00000000 00000000 00000402 00000000 00000000 00000000 00000016 00000000
00000000 00000000 00000000 00000000 00000000 00000000 00000000 00000000
00000000 00000000 00000000 00000000 00000000 00000000 00000000 00000000
00000254 0000002c 00150513
00000000 000003a0 00000000 00000019 00000002 00010000 40008000 00010072
00000000 00000000 00000403 00000000 00000000 00000000 00000016 00000000
00000000 00000000 00000000 00000000 00000000 00000000 00000000 00000000
00000000 00000000 00000000 00000000 00000000 00000000 00000000 00000000
00000255 00000030 fedff06f
00000000 000003a0 00000000 00000019 00000002 00010000 40008000 00010072
00000000 00000000 00000403 00000000 00000000 00000000 00000016 00000000
00000000 00000000 00000000 00000000 00000000 00000000 00000000 00000000
00000000 00000000 00000000 00000000 00000000 00000000 00000000 00000000
00000256 0000001c 00054383
00000000 000003a0 00000000 00000019 00000002 00010000 40008000 00000072
00000000 00000000 00000403 00000000 00000000 00000000 00000016 00000000
00000000 00000000 00000000 00000000 00000000 00000000 00000000 00000000
00000000 00000000 00000000 00000000 00000000 00000000 00000000 00000000
00000257 00000020 00038a63
00000000 000003a0 00000000 00000019 00000002 00010000 40008000 00000072
00000000 00000000 00000403 00000000 00000000 00000000 00000016 00000000
00000000 00000000 00000000 00000000 00000000 00000000 00000000 00000000
00000000 00000000 00000000 00000000 00000000 00000000 00000000 00000000
00000258 00000024 0053e3b3
00000000 000003a0 00000000 00000019 00000002 00010000 40008000 00010072
00000000 00000000 00000403 00000000 00000000 00000000 00000016 00000000
00000000 00000000 00000000 00000000 00000000 00000000 00000000 00000000
00000000 00000000 00000000 00000000 00000000 00000000 00000000 00000000
00000259 00000028 00732023
00000000 000003a0 00000000 00000019 00000002 00010000 40008000 00010072
00000000 00000000 00000403 00000000 00000000 00000000 00000016 00000000
00000000 00000000 00000000 00000000 00000000 00000000 00000000 00000000
00000000 00000000 00000000 00000000 00000000 00000000 00000000 00000000
00000260 0000002c 00150513
00000000 000003a0 00000000 00000019 00000002 00010000 40008000 00010072
00000000 00000000 00000404 00000000 00000000 00000000 00000016 00000000
00000000 00000000 00000000 00000000 00000000 00000000 00000000 00000000
00000000 00000000 00000000 00000000 00000000 00000000 00000000 00000000
00000261 00000030 fedff06f
00000000 000003a0 00000000 00000019 00000002 00010000 40008000 00010072
00000000 00000000 00000404 00000000 00000000 00000000 00000016 00000000
00000000 00000000 00000000 00000000 00000000 00000000 00000000 00000000
00000000 00000000 00000000 00000000 00000000 00000000 00000000 00000000
00000262 0000001c 00054383
00000000 000003a0 00000000 00000019 00000002 00010000 40008000 00000065
00000000 00000000 00000404 00000000 00000000 00000000 00000016 00000000
00000000 00000000 00000000 00000000 00000000 00000000 00000000 00000000
00000000 00000000 00000000 00000000 00000000 00000000 00000000 00000000
00000263 00000020 00038a63
00000000 000003a0 00000000 00000019 00000002 00010000 40008000 00000065
00000000 00000000 00000404 00000000 00000000 00000000 00000016 00000000
00000000 00000000 00000000 00000000 00000000 00000000 00000000 00000000
00000000 00000000 00000000 00000000 00000000 00000000 00000000 00000000
00000264 00000024 0053e3b3
00000000 000003a0 00000000 00000019 00000002 00010000 40008000 00010065
00000000 00000000 00000404 00000000 00000000 00000000 00000016 00000000
00000000 00000000 00000000 00000000 00000000 00000000 00000000 00000000
00000000 00000000 00000000 00000000 00000000 00000000 00000000 00000000
00000265 00000028 00732023
00000000 000003a0 00000000 00000019 00000002 00010000 40008000 00010065
00000000 00000000 00000404 00000000 00000000 00000000 00000016 00000000
00000000 00000000 00000000 00000000 00000000 00000000 00000000 00000000
00000000 00000000 00000000 00000000 00000000 00000000 00000000 00000000
00000266 0000002c 00150513
00000000 000003a0 00000000 00000019 00000002 00010000 40008000 00010065
00000000 00000000 00000405 00000000 00000000 00000000 00000016 00000000
00000000 00000000 00000000 00000000 00000000 00000000 00000000 00000000
00000000 00000000 00000000 00000000 00000000 00000000 00000000 00000000
00000267 00000030 fedff06f
00000000 000003a0 00000000 00000019 00000002 00010000 40008000 00010065
00000000 00000000 00000405 00000000 00000000 00000000 00000016 00000000
00000000 00000000 00000000 00000000 00000000 00000000 00000000 00000000
00000000 00000000 00000000 00000000 00000000 00000000 00000000 00000000
00000268 0000001c 00054383
00000000 000003a0 00000000 00000019 00000002 00010000 40008000 00000063
00000000 00000000 00000405 00000000 00000000 00000000 00000016 00000000
00000000 00000000 00000000 00000000 00000000 00000000 00000000 00000000
00000000 00000000 00000000 00000000 00000000 00000000 00000000 00000000
00000269 00000020 00038a63
00000000 000003a0 00000000 00000019 00000002 00010000 40008000 00000063
00000000 00000000 00000405 00000000 00000000 00000000 00000016 00000000
00000000 00000000 00000000 00000000 00000000 00000000 00000000 00000000
00000000 00000000 00000000 00000000 00000000 00000000 00000000 00000000
00000270 00000024 0053e3b3
00000000 000003a0 00000000 00000019 00000002 00010000 40008000 00010063
00000000 00000000 00000405 00000000 00000000 00000000 00000016 00000000
00000000 00000000 00000000 00000000 00000000 00000000 00000000 00000000
00000000 00000000 00000000 00000000 00000000 00000000 00000000 00000000
00000271 00000028 00732023
00000000 000003a0 00000000 00000019 00000002 00010000 40008000 00010063
00000000 00000000 00000405 00000000 00000000 00000000 00000016 00000000
00000000 00000000 00000000 00000000 00000000 00000000 00000000 00000000
00000000 00000000 00000000 00000000 00000000 00000000 00000000 00000000
00000272 0000002c 00150513
00000000 000003a0 00000000 00000019 00000002 00010000 40008000 00010063
00000000 00000000 00000406 00000000 00000000 00000000 00000016 00000000
00000000 00000000 00000000 00000000 00000000 00000000 00000000 00000000
00000000 00000000 00000000 00000000 00000000 00000000 00000000 00000000
00000273 00000030 fedff06f
00000000 000003a0 00000000 00000019 00000002 00010000 40008000 00010063
00000000 00000000 00000406 00000000 00000000 00000000 00000016 00000000
00000000 00000000 00000000 00000000 00000000 00000000 00000000 00000000
00000000 00000000 00000000 00000000 00000000 00000000 00000000 00000000
00000274 0000001c 00054383
00000000 000003a0 00000000 00000019 00000002 00010000 40008000 00000074
00000000 00000000 00000406 00000000 00000000 00000000 00000016 00000000
00000000 00000000 00000000 00000000 00000000 00000000 00000000 00000000
00000000 00000000 00000000 00000000 00000000 00000000 00000000 00000000
00000275 00000020 00038a63
00000000 000003a0 00000000 00000019 00000002 00010000 40008000 00000074
00000000 00000000 00000406 00000000 00000000 00000000 00000016 00000000
00000000 00000000 00000000 00000000 00000000 00000000 00000000 00000000
00000000 00000000 00000000 00000000 00000000 00000000 00000000 00000000
00000276 00000024 0053e3b3
00000000 000003a0 00000000 00000019 00000002 00010000 40008000 00010074
00000000 00000000 00000406 00000000 00000000 00000000 00000016 00000000
00000000 00000000 00000000 00000000 00000000 00000000 00000000 00000000
00000000 00000000 00000000 00000000 00000000 00000000 00000000 00000000
00000277 00000028 00732023
00000000 000003a0 00000000 00000019 00000002 00010000 40008000 00010074
00000000 00000000 00000406 00000000 00000000 00000000 00000016 00000000
00000000 00000000 00000000 00000000 00000000 00000000 00000000 00000000
00000000 00000000 00000000 00000000 00000000 00000000 00000000 00000000
00000278 0000002c 00150513
00000000 000003a0 00000000 00000019 00000002 00010000 40008000 00010074
00000000 00000000 00000407 00000000 00000000 00000000 00000016 00000000
00000000 00000000 00000000 00000000 00000000 00000000 00000000 00000000
00000000 00000000 00000000 00000000 00000000 00000000 00000000 00000000
00000279 00000030 fedff06f
00000000 000003a0 00000000 00000019 00000002 00010000 40008000 00010074
00000000 00000000 00000407 00000000 00000000 00000000 00000016 00000000
00000000 00000000 00000000 00000000 00000000 00000000 00000000 00000000
00000000 00000000 00000000 00000000 00000000 00000000 00000000 00000000
00000280 0000001c 00054383
00000000 000003a0 00000000 00000019 00000002 00010000 40008000 00000021
00000000 00000000 00000407 00000000 00000000 00000000 00000016 00000000
00000000 00000000 00000000 00000000 00000000 00000000 00000000 00000000
00000000 00000000 00000000 00000000 00000000 00000000 00000000 00000000
00000281 00000020 00038a63
00000000 000003a0 00000000 00000019 00000002 00010000 40008000 00000021
00000000 00000000 00000407 00000000 00000000 00000000 00000016 00000000
00000000 00000000 00000000 00000000 00000000 00000000 00000000 00000000
00000000 00000000 00000000 00000000 00000000 00000000 00000000 00000000
00000282 00000024 0053e3b3
00000000 000003a0 00000000 00000019 00000002 00010000 40008000 00010021
00000000 00000000 00000407 00000000 00000000 00000000 00000016 00000000
00000000 00000000 00000000 00000000 00000000 00000000 00000000 00000000
00000000 00000000 00000000 00000000 00000000 00000000 00000000 00000000
00000283 00000028 00732023
00000000 000003a0 00000000 00000019 00000002 00010000 40008000 00010021
00000000 00000000 00000407 00000000 00000000 00000000 00000016 00000000
00000000 00000000 00000000 00000000 00000000 00000000 00000000 00000000
00000000 00000000 00000000 00000000 00000000 00000000 00000000 00000000
00000284 0000002c 00150513
00000000 000003a0 00000000 00000019 00000002 00010000 40008000 00010021
00000000 00000000 00000408 00000000 00000000 00000000 00000016 00000000
00000000 00000000 00000000 00000000 00000000 00000000 00000000 00000000
00000000 00000000 00000000 00000000 00000000 00000000 00000000 00000000
00000285 00000030 fedff06f
00000000 000003a0 00000000 00000019 00000002 00010000 40008000 00010021
00000000 00000000 00000408 00000000 00000000 00000000 00000016 00000000
00000000 00000000 00000000 00000000 00000000 00000000 00000000 00000000
00000000 00000000 00000000 00000000 00000000 00000000 00000000 00000000
00000286 0000001c 00054383
00000000 000003a0 00000000 00000019 00000002 00010000 40008000 0000000a
00000000 00000000 00000408 00000000 00000000 00000000 00000016 00000000
00000000 00000000 00000000 00000000 00000000 00000000 00000000 00000000
00000000 00000000 00000000 00000000 00000000 00000000 00000000 00000000
00000287 00000020 00038a63
00000000 000003a0 00000000 00000019 00000002 00010000 40008000 0000000a
00000000 00000000 00000408 00000000 00000000 00000000 00000016 00000000
00000000 00000000 00000000 00000000 00000000 00000000 00000000 00000000
00000000 00000000 00000000 00000000 00000000 00000000 00000000 00000000
00000288 00000024 0053e3b3
00000000 000003a0 00000000 00000019 00000002 00010000 40008000 0001000a
00000000 00000000 00000408 00000000 00000000 00000000 00000016 00000000
00000000 00000000 00000000 00000000 00000000 00000000 00000000 00000000
00000000 00000000 00000000 00000000 00000000 00000000 00000000 00000000
00000289 00000028 00732023
00000000 000003a0 00000000 00000019 00000002 00010000 40008000 0001000a
00000000 00000000 00000408 00000000 00000000 00000000 00000016 00000000
00000000 00000000 00000000 00000000 00000000 00000000 00000000 00000000
00000000 00000000 00000000 00000000 00000000 00000000 00000000 00000000
00000290 0000002c 00150513
00000000 000003a0 00000000 00000019 00000002 00010000 40008000 0001000a
00000000 00000000 00000409 00000000 00000000 00000000 00000016 00000000
00000000 00000000 00000000 00000000 00000000 00000000 00000000 00000000
00000000 00000000 00000000 00000000 00000000 00000000 00000000 00000000
00000291 00000030 fedff06f
00000000 000003a0 00000000 00000019 00000002 00010000 40008000 0001000a
00000000 00000000 00000409 00000000 00000000 00000000 00000016 00000000
00000000 00000000 00000000 00000000 00000000 00000000 00000000 00000000
00000000 00000000 00000000 00000000 00000000 00000000 00000000 00000000
00000292 0000001c 00054383
00000000 000003a0 00000000 00000019 00000002 00010000 40008000 00000000
00000000 00000000 00000409 00000000 00000000 00000000 00000016 00000000
00000000 00000000 00000000 00000000 00000000 00000000 00000000 00000000
00000000 00000000 00000000 00000000 00000000 00000000 00000000 00000000
00000293 00000020 00038a63
00000000 000003a0 00000000 00000019 00000002 00010000 40008000 00000000
00000000 00000000 00000409 00000000 00000000 00000000 00000016 00000000
00000000 00000000 00000000 00000000 00000000 00000000 00000000 00000000
00000000 00000000 00000000 00000000 00000000 00000000 00000000 00000000
00000294 00000034 00008067
00000000 000003a0 00000000 00000019 00000002 00010000 40008000 00000000
00000000 00000000 00000409 00000000 00000000 00000000 00000016 00000000
00000000 00000000 00000000 00000000 00000000 00000000 00000000 00000000
00000000 00000000 00000000 00000000 00000000 00000000 00000000 00000000
00000295 000003a0 c65ff06f
00000000 000003a0 00000000 00000019 00000002 00010000 40008000 00000000
00000000 00000000 00000409 00000000 00000000 00000000 00000016 00000000
00000000 00000000 00000000 00000000 00000000 00000000 00000000 00000000
00000000 00000000 00000000 00000000 00000000 00000000 00000000 00000000
00000296 00000004 40008337
00000000 000003a0 00000000 00000019 00000002 00010000 40008000 00000000
00000000 00000000 00000409 00000000 00000000 00000000 00000016 00000000
00000000 00000000 00000000 00000000 00000000 00000000 00000000 00000000
00000000 00000000 00000000 00000000 00000000 00000000 00000000 00000000
00000297 00000008 000202b7
00000000 000003a0 00000000 00000019 00000002 00020000 40008000 00000000
00000000 00000000 00000409 00000000 00000000 00000000 00000016 00000000
00000000 00000000 00000000 00000000 00000000 00000000 00000000 00000000
00000000 00000000 00000000 00000000 00000000 00000000 00000000 00000000
00000298 0000000c 00532023
00000000 000003a0 00000000 00000019 00000002 00020000 40008000 00000000
00000000 00000000 00000409 00000000 00000000 00000000 00000016 00000000
00000000 00000000 00000000 00000000 00000000 00000000 00000000 00000000
00000000 00000000 00000000 00000000 00000000 00000000 00000000 00000000
